vdd	vair_f	air_adc	AirTemp	therm_resistance	AirDirectADC	AirDirectVolt
5.15	5.57	129	-273.35	-333377.75	1020	5.14
5.15	5.57	129	-273.35	-333377.75	1020	5.14
5.15	5.57	129	-273.35	-333377.75	1020	5.14
5.15	5.57	129	-273.35	-333377.75	1020	5.14
5.15	5.57	129	-273.35	-333377.75	1020	5.14
5.15	5.57	129	-273.35	-333377.75	1020	5.14
5.15	5.57	130	-273.35	-333087.50	1020	5.14
5.15	5.57	130	-273.35	-333087.50	1020	5.14
5.15	5.57	130	-273.35	-333087.50	1020	5.14
5.15	5.57	129	-273.35	-333377.75	1020	5.14
5.15	5.57	129	-273.35	-333377.75	1020	5.14
5.15	5.57	129	-273.35	-333377.75	1020	5.14
5.15	5.57	129	-273.35	-333377.75	1020	5.14
5.15	5.57	129	-273.35	-333377.75	1020	5.14
5.15	5.57	129	-273.35	-333377.75	1020	5.14
5.15	5.57	129	-273.35	-333377.75	1020	5.14
5.15	5.57	129	-273.35	-333377.75	1020	5.14
5.15	5.57	129	-273.35	-333377.75	1020	5.14
5.15	5.57	129	-273.35	-333377.75	1020	5.14
5.15	5.57	129	-273.35	-333377.75	1020	5.14
5.15	5.57	129	-273.35	-333377.75	1020	5.14
5.15	5.57	129	-273.35	-333377.75	1020	5.14
5.15	5.57	129	-273.35	-333377.75	1020	5.14
5.15	5.57	129	-273.35	-333377.75	1020	5.14
5.15	5.57	129	-273.35	-333377.75	1020	5.14
5.15	5.57	129	-273.35	-333377.75	1020	5.14
5.15	5.57	129	-273.35	-333377.75	1020	5.14
5.15	5.57	130	-273.35	-333087.50	1020	5.14
5.15	5.57	129	-273.35	-333377.75	1020	5.14
5.15	5.57	129	-273.35	-333377.75	1020	5.14
5.15	5.57	129	-273.35	-333377.75	1020	5.14
5.15	5.57	129	-273.35	-333377.75	1020	5.14
5.15	5.57	129	-273.35	-333377.75	1020	5.14
5.15	5.57	129	-273.35	-333377.75	1020	5.14
5.15	5.57	129	-273.35	-333377.75	1020	5.14
5.15	5.57	129	-273.35	-333377.75	1021	5.14
5.15	5.57	128	-273.35	-333667.65	1021	5.14
5.15	5.57	128	-273.35	-333667.65	1021	5.14
5.15	5.57	129	-273.35	-333377.75	1020	5.14
5.15	5.57	130	-273.35	-333087.50	1019	5.13
5.15	5.57	130	-273.35	-333087.50	1019	5.13
5.15	5.57	130	-273.35	-333087.50	1020	5.14
5.15	5.57	130	-273.35	-333087.50	1020	5.14
5.15	5.57	128	-273.35	-333667.65	1021	5.14
5.15	5.57	129	-273.35	-333377.75	1019	5.13
5.15	5.57	129	-273.35	-333377.75	1019	5.13
5.15	5.57	130	-273.35	-333087.50	1019	5.13
5.15	5.57	130	-273.35	-333087.50	1019	5.13
5.15	5.57	130	-273.35	-333087.50	1020	5.14
5.15	5.57	129	-273.35	-333377.75	1022	5.15
5.15	5.57	129	-273.35	-333377.75	1022	5.15
5.15	5.57	128	-273.35	-333667.65	1021	5.14
5.15	5.57	128	-273.35	-333667.65	1021	5.14
5.15	5.57	128	-273.35	-333667.65	1021	5.14
5.15	5.58	127	-273.35	-333957.18	1023	5.15
5.15	5.58	127	-273.35	-333957.18	1023	5.15
5.15	5.58	126	-273.35	-334246.34	1023	5.15
5.15	5.58	126	-273.35	-334246.34	1023	5.15
5.15	5.58	126	-273.35	-334246.34	1023	5.15
5.15	5.58	126	-273.35	-334246.34	1023	5.15
5.15	5.58	126	-273.35	-334246.34	1023	5.15
5.15	5.58	126	-273.35	-334246.34	1023	5.15
5.15	5.58	126	-273.35	-334246.34	1023	5.15
5.15	5.58	126	-273.35	-334246.34	1023	5.15
5.15	5.58	125	-273.35	-334535.12	1023	5.15
5.15	5.58	125	-273.35	-334535.12	1023	5.15
5.15	5.58	125	-273.35	-334535.12	1023	5.15
5.15	5.59	124	-273.35	-334823.56	1023	5.15
5.15	5.59	124	-273.35	-334823.56	1023	5.15
5.15	5.59	124	-273.35	-334823.56	1023	5.15
5.15	5.59	124	-273.35	-334823.56	1023	5.15
5.15	5.59	124	-273.35	-334823.56	1023	5.15
5.15	5.59	124	-273.35	-334823.56	1023	5.15
5.15	5.59	124	-273.35	-334823.56	1023	5.15
5.15	5.59	124	-273.35	-334823.56	1023	5.15
5.15	5.59	124	-273.35	-334823.56	1023	5.15
5.15	5.59	124	-273.35	-334823.56	1023	5.15
5.15	5.59	124	-273.35	-334823.56	1023	5.15
5.15	5.59	124	-273.35	-334823.56	1023	5.15
5.15	5.59	124	-273.35	-334823.56	1023	5.15
5.15	5.59	124	-273.35	-334823.56	1023	5.15
5.15	5.59	124	-273.35	-334823.56	1023	5.15
5.15	5.59	124	-273.35	-334823.56	1023	5.15
5.15	5.59	124	-273.35	-334823.56	1023	5.15
5.15	5.59	124	-273.35	-334823.56	1023	5.15
5.15	5.59	124	-273.35	-334823.56	1023	5.15
5.15	5.59	124	-273.35	-334823.56	1023	5.15
5.15	5.59	124	-273.35	-334823.56	1023	5.15
5.15	5.59	124	-273.35	-334823.56	1023	5.15
5.15	5.59	124	-273.35	-334823.56	1023	5.15
5.15	5.59	124	-273.35	-334823.56	1023	5.15
5.15	5.59	124	-273.35	-334823.56	1023	5.15
5.15	5.59	124	-273.35	-334823.56	1023	5.15
5.15	5.59	124	-273.35	-334823.56	1023	5.15
5.15	5.59	124	-273.35	-334823.56	1023	5.15
5.15	5.59	124	-273.35	-334823.56	1023	5.15
5.15	5.59	124	-273.35	-334823.56	1023	5.15
5.15	5.59	124	-273.35	-334823.56	1023	5.15
5.15	5.59	124	-273.35	-334823.56	1023	5.15
5.15	5.59	124	-273.35	-334823.56	1023	5.15
5.15	5.59	124	-273.35	-334823.56	1023	5.15
5.15	5.59	124	-273.35	-334823.56	1023	5.15
5.15	5.59	124	-273.35	-334823.56	1023	5.15
5.15	5.59	124	-273.35	-334823.56	1023	5.15
5.15	5.59	124	-273.35	-334823.56	1023	5.15
5.15	5.59	124	-273.35	-334823.56	1023	5.15
5.15	5.59	124	-273.35	-334823.56	1023	5.15
5.15	5.59	124	-273.35	-334823.56	1023	5.15
5.15	5.59	124	-273.35	-334823.56	1023	5.15
5.05	5.47	116	-273.35	-334124.00	1023	5.05
5.05	5.47	116	-273.35	-334124.00	1023	5.05
5.05	5.47	116	-273.35	-334124.00	1023	5.05
5.05	5.47	116	-273.35	-334124.00	1023	5.05
5.05	5.47	116	-273.35	-334124.00	1023	5.05
5.05	5.47	116	-273.35	-334124.00	1023	5.05
5.05	5.47	116	-273.35	-334124.00	1023	5.05
5.05	5.47	116	-273.35	-334124.00	1023	5.05
5.05	5.47	116	-273.35	-334124.00	1023	5.05
5.05	5.47	116	-273.35	-334124.00	1023	5.05
5.05	5.47	116	-273.35	-334124.00	1023	5.05
5.05	5.47	116	-273.35	-334124.00	1023	5.05
5.05	5.47	116	-273.35	-334124.00	1023	5.05
5.05	5.47	116	-273.35	-334124.00	1023	5.05
5.05	5.47	116	-273.35	-334124.00	1023	5.05
5.05	5.47	116	-273.35	-334124.00	1023	5.05
5.05	5.47	116	-273.35	-334124.00	1023	5.05
5.05	5.47	116	-273.35	-334124.00	1023	5.05
5.05	5.47	117	-273.35	-333829.00	1023	5.05
5.05	5.47	117	-273.35	-333829.00	1023	5.05
5.05	5.47	117	-273.35	-333829.00	1023	5.05
5.05	5.47	117	-273.35	-333829.00	1023	5.05
5.05	5.47	117	-273.35	-333829.00	1023	5.05
5.05	5.46	119	-273.35	-333237.84	1023	5.05
5.05	5.46	119	-273.35	-333237.84	1023	5.05
5.05	5.46	119	-273.35	-333237.84	1023	5.05
5.05	5.46	118	-273.35	-333533.62	1023	5.05
5.05	5.46	118	-273.35	-333533.62	1023	5.05
5.05	5.46	118	-273.35	-333533.62	1023	5.05
5.05	5.46	119	-273.35	-333237.84	1023	5.05
5.05	5.46	119	-273.35	-333237.84	1023	5.05
5.05	5.46	119	-273.35	-333237.84	1023	5.05
5.05	5.46	119	-273.35	-333237.84	1023	5.05
5.05	5.46	119	-273.35	-333237.84	1023	5.05
5.05	5.46	119	-273.35	-333237.84	1023	5.05
5.05	5.46	119	-273.35	-333237.84	1023	5.05
5.05	5.46	120	-273.35	-332941.71	1022	5.05
5.05	5.45	121	-273.35	-332645.18	1021	5.04
5.05	5.45	121	-273.35	-332645.18	1021	5.04
5.05	5.45	121	-273.35	-332645.18	1022	5.05
5.05	5.45	121	-273.35	-332645.18	1020	5.04
5.05	5.45	121	-273.35	-332645.18	1020	5.04
5.05	5.45	122	-273.35	-332348.28	1019	5.03
5.05	5.45	122	-273.35	-332348.28	1019	5.03
5.05	5.45	123	-273.35	-332051.00	1019	5.03
5.05	5.45	122	-273.35	-332348.28	1020	5.04
5.05	5.45	122	-273.35	-332348.28	1020	5.04
5.05	5.45	122	-273.35	-332348.28	1020	5.04
5.05	5.45	122	-273.35	-332348.28	1020	5.04
5.05	5.45	122	-273.35	-332348.28	1020	5.04
5.05	5.45	122	-273.35	-332348.28	1020	5.04
5.05	5.45	122	-273.35	-332348.28	1020	5.04
5.05	5.45	122	-273.35	-332348.28	1020	5.04
5.05	5.45	122	-273.35	-332348.28	1020	5.04
5.05	5.45	122	-273.35	-332348.28	1020	5.04
5.05	5.45	122	-273.35	-332348.28	1020	5.04
5.05	5.45	122	-273.35	-332348.28	1020	5.04
5.05	5.45	122	-273.35	-332348.28	1020	5.04
5.05	5.45	122	-273.35	-332348.28	1020	5.04
5.05	5.45	122	-273.35	-332348.28	1020	5.04
5.05	5.45	122	-273.35	-332348.28	1020	5.04
5.05	5.45	122	-273.35	-332348.28	1020	5.04
5.05	5.45	122	-273.35	-332348.28	1020	5.04
5.05	5.45	122	-273.35	-332348.28	1020	5.04
5.05	5.45	122	-273.35	-332348.28	1020	5.04
5.05	5.45	122	-273.35	-332348.28	1020	5.04
5.05	5.45	122	-273.35	-332348.28	1020	5.04
5.05	5.45	122	-273.35	-332348.28	1020	5.04
5.05	5.45	122	-273.35	-332348.28	1020	5.04
5.05	5.45	122	-273.35	-332348.28	1020	5.04
5.05	5.45	122	-273.35	-332348.28	1020	5.04
5.05	5.45	122	-273.35	-332348.28	1020	5.04
5.05	5.45	122	-273.35	-332348.28	1020	5.04
5.05	5.45	122	-273.35	-332348.28	1020	5.04
5.05	5.45	122	-273.35	-332348.28	1020	5.04
5.05	5.45	122	-273.35	-332348.28	1020	5.04
5.05	5.45	122	-273.35	-332348.28	1020	5.04
5.05	5.45	122	-273.35	-332348.28	1020	5.04
5.05	5.45	122	-273.35	-332348.28	1020	5.04
5.05	5.45	122	-273.35	-332348.28	1020	5.04
5.05	5.45	122	-273.35	-332348.28	1020	5.04
5.05	5.45	122	-273.35	-332348.28	1020	5.04
5.05	5.45	122	-273.35	-332348.28	1020	5.04
5.05	5.45	122	-273.35	-332348.28	1020	5.04
5.05	5.46	118	-273.35	-333533.62	1021	5.04
5.05	5.46	118	-273.35	-333533.62	1021	5.04
4.96	5.34	114	-273.35	-331698.50	1020	4.94
4.96	5.34	114	-273.35	-331698.50	1020	4.94
4.96	5.34	114	-273.35	-331698.50	1020	4.94
4.96	5.34	114	-273.35	-331698.50	1020	4.94
4.96	5.34	114	-273.35	-331698.50	1020	4.94
4.96	5.34	114	-273.35	-331698.50	1020	4.94
4.96	5.34	114	-273.35	-331698.50	1020	4.94
4.96	5.34	114	-273.35	-331698.50	1020	4.94
4.96	5.34	114	-273.35	-331698.50	1020	4.94
4.96	5.34	114	-273.35	-331698.50	1020	4.94
4.96	5.34	114	-273.35	-331698.50	1020	4.94
4.96	5.34	114	-273.35	-331698.50	1020	4.94
4.96	5.34	114	-273.35	-331698.50	1020	4.94
4.96	5.34	114	-273.35	-331698.50	1020	4.94
4.96	5.34	114	-273.35	-331698.50	1020	4.94
4.96	5.34	114	-273.35	-331698.50	1020	4.94
4.96	5.34	114	-273.35	-331698.50	1020	4.94
4.96	5.34	115	-273.35	-331394.65	1019	4.94
4.96	5.34	115	-273.35	-331394.65	1019	4.94
4.96	5.34	114	-273.35	-331698.50	1021	4.95
4.96	5.34	114	-273.35	-331698.50	1021	4.95
4.96	5.34	113	-273.35	-332002.00	1021	4.95
4.96	5.34	113	-273.35	-332002.00	1020	4.94
4.96	5.34	113	-273.35	-332002.00	1020	4.94
4.96	5.34	113	-273.35	-332002.00	1020	4.94
4.96	5.34	113	-273.35	-332002.00	1020	4.94
4.96	5.34	113	-273.35	-332002.00	1022	4.95
4.96	5.35	112	-273.35	-332305.06	1022	4.95
4.96	5.35	112	-273.35	-332305.06	1022	4.95
4.96	5.35	112	-273.35	-332305.06	1022	4.95
4.96	5.35	112	-273.35	-332305.06	1022	4.95
4.96	5.35	112	-273.35	-332305.06	1022	4.95
4.96	5.35	111	-273.35	-332607.75	1023	4.96
4.96	5.35	111	-273.35	-332607.75	1023	4.96
4.96	5.35	111	-273.35	-332607.75	1023	4.96
4.96	5.35	111	-273.35	-332607.75	1023	4.96
4.96	5.35	111	-273.35	-332607.75	1023	4.96
4.96	5.35	111	-273.35	-332607.75	1022	4.95
4.96	5.35	111	-273.35	-332607.75	1022	4.95
4.96	5.35	111	-273.35	-332607.75	1023	4.96
4.96	5.35	111	-273.35	-332607.75	1023	4.96
4.96	5.35	111	-273.35	-332607.75	1023	4.96
4.96	5.35	111	-273.35	-332607.75	1023	4.96
4.96	5.35	111	-273.35	-332607.75	1023	4.96
4.96	5.35	111	-273.35	-332607.75	1023	4.96
4.96	5.35	111	-273.35	-332607.75	1023	4.96
4.96	5.35	111	-273.35	-332607.75	1023	4.96
4.96	5.35	111	-273.35	-332607.75	1023	4.96
4.96	5.35	110	-273.35	-332910.03	1023	4.96
4.96	5.35	110	-273.35	-332910.03	1023	4.96
4.96	5.35	110	-273.35	-332910.03	1023	4.96
4.96	5.35	110	-273.35	-332910.03	1023	4.96
4.96	5.35	110	-273.35	-332910.03	1023	4.96
4.96	5.36	109	-273.35	-333211.90	1023	4.96
4.96	5.36	109	-273.35	-333211.90	1023	4.96
4.96	5.36	109	-273.35	-333211.90	1023	4.96
4.96	5.36	109	-273.35	-333211.90	1023	4.96
4.96	5.36	109	-273.35	-333211.90	1023	4.96
4.96	5.36	109	-273.35	-333211.90	1023	4.96
4.96	5.36	109	-273.35	-333211.90	1023	4.96
4.96	5.36	109	-273.35	-333211.90	1023	4.96
4.96	5.36	109	-273.35	-333211.90	1023	4.96
4.96	5.36	109	-273.35	-333211.90	1023	4.96
4.96	5.36	109	-273.35	-333211.90	1023	4.96
4.96	5.36	108	-273.35	-333513.40	1023	4.96
4.96	5.36	108	-273.35	-333513.40	1023	4.96
4.96	5.36	109	-273.35	-333211.90	1023	4.96
4.96	5.36	109	-273.35	-333211.90	1023	4.96
4.96	5.36	109	-273.35	-333211.90	1023	4.96
4.96	5.36	109	-273.35	-333211.90	1023	4.96
4.96	5.36	109	-273.35	-333211.90	1023	4.96
4.96	5.36	109	-273.35	-333211.90	1023	4.96
4.96	5.36	109	-273.35	-333211.90	1023	4.96
4.96	5.36	109	-273.35	-333211.90	1023	4.96
4.96	5.36	108	-273.35	-333513.40	1023	4.96
4.96	5.36	108	-273.35	-333513.40	1023	4.96
4.96	5.36	108	-273.35	-333513.40	1023	4.96
4.96	5.36	108	-273.35	-333513.40	1023	4.96
4.96	5.36	108	-273.35	-333513.40	1023	4.96
4.96	5.36	108	-273.35	-333513.40	1023	4.96
4.96	5.36	108	-273.35	-333513.40	1023	4.96
4.96	5.36	108	-273.35	-333513.40	1023	4.96
4.96	5.36	109	-273.35	-333211.90	1023	4.96
4.96	5.36	109	-273.35	-333211.90	1023	4.96
4.96	5.36	109	-273.35	-333211.90	1023	4.96
4.96	5.36	109	-273.35	-333211.90	1023	4.96
4.96	5.36	109	-273.35	-333211.90	1023	4.96
4.96	5.36	108	-273.35	-333513.40	1023	4.96
4.96	5.36	108	-273.35	-333513.40	1023	4.96
4.96	5.36	109	-273.35	-333211.90	1023	4.96
4.96	5.36	109	-273.35	-333211.90	1023	4.96
4.96	5.36	109	-273.35	-333211.90	1023	4.96
4.96	5.36	109	-273.35	-333211.90	1023	4.96
4.96	5.36	109	-273.35	-333211.90	1023	4.96
4.96	5.36	109	-273.35	-333211.90	1023	4.96
4.96	5.36	109	-273.35	-333211.90	1023	4.96
4.96	5.36	109	-273.35	-333211.90	1023	4.96
4.96	5.36	109	-273.35	-333211.90	1023	4.96
4.96	5.36	109	-273.35	-333211.90	1023	4.96
4.96	5.36	109	-273.35	-333211.90	1023	4.96
4.96	5.36	109	-273.35	-333211.90	1023	4.96
4.96	5.36	109	-273.35	-333211.90	1023	4.96
4.96	5.36	108	-273.35	-333513.40	1023	4.96
4.96	5.36	108	-273.35	-333513.40	1023	4.96
4.96	5.36	108	-273.35	-333513.40	1023	4.96
4.96	5.36	108	-273.35	-333513.40	1023	4.96
4.85	5.24	101	-273.35	-332316.12	1023	4.85
4.85	5.24	101	-273.35	-332316.12	1023	4.85
4.87	5.25	101	-273.35	-332684.78	1023	4.87
4.87	5.25	101	-273.35	-332684.78	1023	4.87
4.85	5.24	101	-273.35	-332316.12	1023	4.85
4.85	5.24	101	-273.35	-332316.12	1023	4.85
4.85	5.24	101	-273.35	-332316.12	1023	4.85
4.85	5.24	101	-273.35	-332316.12	1023	4.85
4.85	5.24	101	-273.35	-332316.12	1023	4.85
4.85	5.24	101	-273.35	-332316.12	1023	4.85
4.85	5.24	101	-273.35	-332316.12	1023	4.85
4.85	5.24	101	-273.35	-332316.12	1023	4.85
4.85	5.24	101	-273.35	-332316.12	1023	4.85
4.85	5.24	101	-273.35	-332316.12	1023	4.85
4.85	5.24	101	-273.35	-332316.12	1023	4.85
4.85	5.24	101	-273.35	-332316.12	1023	4.85
4.85	5.24	101	-273.35	-332316.12	1023	4.85
4.85	5.24	101	-273.35	-332316.12	1023	4.85
4.85	5.24	101	-273.35	-332316.12	1023	4.85
4.85	5.24	101	-273.35	-332316.12	1023	4.85
4.85	5.23	102	-273.35	-332006.62	1023	4.85
4.85	5.23	102	-273.35	-332006.62	1023	4.85
4.85	5.23	102	-273.35	-332006.62	1023	4.85
4.85	5.23	102	-273.35	-332006.62	1023	4.85
4.85	5.23	102	-273.35	-332006.62	1023	4.85
4.85	5.23	103	-273.35	-331696.68	1023	4.85
4.85	5.23	103	-273.35	-331696.68	1023	4.85
4.85	5.23	103	-273.35	-331696.68	1023	4.85
4.85	5.23	103	-273.35	-331696.68	1023	4.85
4.85	5.23	103	-273.35	-331696.68	1023	4.85
4.85	5.23	103	-273.35	-331696.68	1023	4.85
4.85	5.23	104	-273.35	-331386.34	1023	4.85
4.85	5.23	104	-273.35	-331386.34	1023	4.85
4.85	5.23	103	-273.35	-331696.68	1023	4.85
4.85	5.23	103	-273.35	-331696.68	1023	4.85
4.85	5.23	103	-273.35	-331696.68	1023	4.85
4.85	5.23	104	-273.35	-331386.34	1022	4.85
4.85	5.23	104	-273.35	-331386.34	1022	4.85
4.85	5.22	105	-273.35	-331075.59	1020	4.84
4.85	5.22	105	-273.35	-331075.59	1022	4.85
4.85	5.22	105	-273.35	-331075.59	1022	4.85
4.85	5.23	104	-273.35	-331386.34	1021	4.85
4.85	5.22	105	-273.35	-331075.59	1020	4.84
4.85	5.22	105	-273.35	-331075.59	1020	4.84
4.85	5.21	107	-273.35	-330452.81	1018	4.83
4.85	5.21	107	-273.35	-330452.81	1018	4.83
4.85	5.22	106	-273.35	-330764.40	1021	4.85
4.85	5.22	105	-273.35	-331075.59	1020	4.84
4.85	5.22	105	-273.35	-331075.59	1020	4.84
4.85	5.22	106	-273.35	-330764.40	1020	4.84
4.85	5.22	106	-273.35	-330764.40	1020	4.84
4.85	5.21	107	-273.35	-330452.81	1017	4.83
4.85	5.22	106	-273.35	-330764.40	1020	4.84
4.85	5.22	106	-273.35	-330764.40	1020	4.84
4.85	5.22	106	-273.35	-330764.40	1020	4.84
4.85	5.22	106	-273.35	-330764.40	1020	4.84
4.85	5.22	106	-273.35	-330764.40	1020	4.84
4.85	5.22	106	-273.35	-330764.40	1020	4.84
4.85	5.22	106	-273.35	-330764.40	1020	4.84
4.85	5.22	106	-273.35	-330764.40	1020	4.84
4.85	5.22	106	-273.35	-330764.40	1020	4.84
4.85	5.22	106	-273.35	-330764.40	1020	4.84
4.85	5.22	106	-273.35	-330764.40	1020	4.84
4.85	5.22	106	-273.35	-330764.40	1020	4.84
4.85	5.22	106	-273.35	-330764.40	1019	4.84
4.85	5.22	106	-273.35	-330764.40	1020	4.84
4.85	5.22	106	-273.35	-330764.40	1020	4.84
4.85	5.22	106	-273.35	-330764.40	1020	4.84
4.85	5.22	106	-273.35	-330764.40	1020	4.84
4.85	5.22	106	-273.35	-330764.40	1020	4.84
4.85	5.22	106	-273.35	-330764.40	1020	4.84
4.85	5.22	106	-273.35	-330764.40	1020	4.84
4.76	5.10	98	-273.35	-329930.68	1020	4.74
4.76	5.10	98	-273.35	-329930.68	1020	4.74
4.76	5.10	98	-273.35	-329930.68	1020	4.74
4.76	5.10	98	-273.35	-329930.68	1020	4.74
4.76	5.10	98	-273.35	-329930.68	1020	4.74
4.76	5.10	98	-273.35	-329930.68	1020	4.74
4.76	5.10	98	-273.35	-329930.68	1019	4.74
4.76	5.10	98	-273.35	-329930.68	1019	4.74
4.76	5.10	98	-273.35	-329930.68	1020	4.74
4.76	5.10	98	-273.35	-329930.68	1019	4.74
4.76	5.10	98	-273.35	-329930.68	1019	4.74
4.76	5.10	98	-273.35	-329930.68	1020	4.74
4.76	5.10	98	-273.35	-329930.68	1020	4.74
4.76	5.10	98	-273.35	-329930.68	1020	4.74
4.76	5.10	98	-273.35	-329930.68	1020	4.74
4.76	5.10	98	-273.35	-329930.68	1020	4.74
4.76	5.10	98	-273.35	-329930.68	1020	4.74
4.76	5.10	98	-273.35	-329930.68	1020	4.74
4.76	5.10	98	-273.35	-329930.68	1019	4.74
4.76	5.10	99	-273.35	-329611.46	1018	4.73
4.76	5.10	99	-273.35	-329611.46	1018	4.73
4.76	5.10	98	-273.35	-329930.68	1020	4.74
4.76	5.10	98	-273.35	-329930.68	1020	4.74
4.76	5.11	97	-273.35	-330249.50	1021	4.75
4.76	5.11	97	-273.35	-330249.50	1020	4.74
4.76	5.11	97	-273.35	-330249.50	1020	4.74
4.76	5.10	98	-273.35	-329930.68	1019	4.74
4.76	5.10	98	-273.35	-329930.68	1019	4.74
4.76	5.11	97	-273.35	-330249.50	1021	4.75
4.76	5.11	96	-273.35	-330567.84	1022	4.75
4.76	5.11	96	-273.35	-330567.84	1022	4.75
4.76	5.11	96	-273.35	-330567.84	1021	4.75
4.76	5.11	97	-273.35	-330249.50	1021	4.75
4.76	5.11	97	-273.35	-330249.50	1021	4.75
4.76	5.11	97	-273.35	-330249.50	1022	4.75
4.76	5.11	97	-273.35	-330249.50	1022	4.75
4.76	5.11	96	-273.35	-330567.84	1023	4.76
4.76	5.11	96	-273.35	-330567.84	1022	4.75
4.76	5.11	96	-273.35	-330567.84	1022	4.75
4.76	5.11	97	-273.35	-330249.50	1021	4.75
4.76	5.11	97	-273.35	-330249.50	1021	4.75
4.76	5.11	97	-273.35	-330249.50	1022	4.75
4.76	5.11	96	-273.35	-330567.84	1023	4.76
4.76	5.11	96	-273.35	-330567.84	1023	4.76
4.76	5.11	96	-273.35	-330567.84	1022	4.75
4.76	5.11	96	-273.35	-330567.84	1022	4.75
4.76	5.11	96	-273.35	-330567.84	1021	4.75
4.76	5.11	96	-273.35	-330567.84	1022	4.75
4.76	5.11	96	-273.35	-330567.84	1022	4.75
4.76	5.11	95	-273.35	-330885.78	1023	4.76
4.76	5.11	95	-273.35	-330885.78	1023	4.76
4.76	5.11	95	-273.35	-330885.78	1023	4.76
4.76	5.11	96	-273.35	-330567.84	1022	4.75
4.76	5.11	96	-273.35	-330567.84	1022	4.75
4.76	5.11	96	-273.35	-330567.84	1023	4.76
4.76	5.11	95	-273.35	-330885.78	1023	4.76
4.76	5.11	95	-273.35	-330885.78	1023	4.76
4.76	5.11	95	-273.35	-330885.78	1023	4.76
4.76	5.11	95	-273.35	-330885.78	1023	4.76
4.76	5.11	96	-273.35	-330567.84	1022	4.75
4.76	5.11	96	-273.35	-330567.84	1023	4.76
4.76	5.11	96	-273.35	-330567.84	1023	4.76
4.76	5.11	95	-273.35	-330885.78	1023	4.76
4.76	5.11	95	-273.35	-330885.78	1023	4.76
4.76	5.11	95	-273.35	-330885.78	1023	4.76
4.76	5.11	95	-273.35	-330885.78	1023	4.76
4.76	5.11	95	-273.35	-330885.78	1023	4.76
4.76	5.11	95	-273.35	-330885.78	1023	4.76
4.76	5.11	95	-273.35	-330885.78	1023	4.76
4.76	5.11	95	-273.35	-330885.78	1023	4.76
4.76	5.12	94	-273.35	-331203.25	1023	4.76
4.76	5.12	94	-273.35	-331203.25	1023	4.76
4.76	5.12	94	-273.35	-331203.25	1023	4.76
4.76	5.12	94	-273.35	-331203.25	1023	4.76
4.76	5.12	94	-273.35	-331203.25	1023	4.76
4.76	5.12	94	-273.35	-331203.25	1023	4.76
4.76	5.12	94	-273.35	-331203.25	1023	4.76
4.76	5.12	94	-273.35	-331203.25	1023	4.76
4.76	5.12	94	-273.35	-331203.25	1023	4.76
4.76	5.12	94	-273.35	-331203.25	1023	4.76
4.76	5.12	94	-273.35	-331203.25	1023	4.76
4.76	5.12	94	-273.35	-331203.25	1023	4.76
4.76	5.12	93	-273.35	-331520.31	1023	4.76
4.76	5.12	93	-273.35	-331520.31	1023	4.76
4.76	5.12	93	-273.35	-331520.31	1023	4.76
4.76	5.12	93	-273.35	-331520.31	1023	4.76
4.76	5.12	93	-273.35	-331520.31	1023	4.76
4.76	5.12	93	-273.35	-331520.31	1023	4.76
4.76	5.12	93	-273.35	-331520.31	1023	4.76
4.76	5.12	93	-273.35	-331520.31	1023	4.76
4.76	5.12	92	-273.35	-331836.96	1023	4.76
4.76	5.12	92	-273.35	-331836.96	1023	4.76
4.76	5.12	93	-273.35	-331520.31	1023	4.76
4.76	5.12	92	-273.35	-331836.96	1023	4.76
4.76	5.12	92	-273.35	-331836.96	1023	4.76
4.76	5.12	93	-273.35	-331520.31	1023	4.76
4.76	5.12	93	-273.35	-331520.31	1023	4.76
4.76	5.12	92	-273.35	-331836.96	1023	4.76
4.76	5.12	93	-273.35	-331520.31	1023	4.76
4.76	5.12	93	-273.35	-331520.31	1023	4.76
4.76	5.12	93	-273.35	-331520.31	1023	4.76
4.76	5.12	92	-273.35	-331836.96	1023	4.76
4.76	5.12	92	-273.35	-331836.96	1023	4.76
4.76	5.12	93	-273.35	-331520.31	1023	4.76
4.76	5.12	93	-273.35	-331520.31	1023	4.76
4.76	5.12	93	-273.35	-331520.31	1023	4.76
4.76	5.12	93	-273.35	-331520.31	1023	4.76
4.76	5.12	93	-273.35	-331520.31	1023	4.76
4.76	5.12	93	-273.35	-331520.31	1023	4.76
4.76	5.12	93	-273.35	-331520.31	1023	4.76
4.76	5.12	93	-273.35	-331520.31	1023	4.76
4.76	5.12	92	-273.35	-331836.96	1023	4.76
4.76	5.12	92	-273.35	-331836.96	1023	4.76
4.76	5.12	92	-273.35	-331836.96	1023	4.76
4.76	5.12	92	-273.35	-331836.96	1023	4.76
4.76	5.12	93	-273.35	-331520.31	1023	4.76
4.76	5.12	92	-273.35	-331836.96	1023	4.76
4.76	5.12	92	-273.35	-331836.96	1023	4.76
4.66	5.01	85	-273.35	-330825.62	1023	4.66
4.66	5.01	85	-273.35	-330825.62	1023	4.66
4.66	5.01	85	-273.35	-330825.62	1023	4.66
4.66	5.01	85	-273.35	-330825.62	1023	4.66
4.66	5.01	85	-273.35	-330825.62	1023	4.66
4.66	5.01	85	-273.35	-330825.62	1023	4.66
4.66	5.01	85	-273.35	-330825.62	1023	4.66
4.66	5.01	85	-273.35	-330825.62	1023	4.66
4.66	5.01	85	-273.35	-330825.62	1023	4.66
4.66	5.01	85	-273.35	-330825.62	1023	4.66
4.66	5.01	85	-273.35	-330825.62	1023	4.66
4.66	5.01	85	-273.35	-330825.62	1023	4.66
4.66	5.01	85	-273.35	-330825.62	1023	4.66
4.66	5.01	85	-273.35	-330825.62	1023	4.66
4.66	5.01	85	-273.35	-330825.62	1023	4.66
4.66	5.01	85	-273.35	-330825.62	1023	4.66
4.66	5.01	84	-273.35	-331149.65	1023	4.66
4.66	5.01	84	-273.35	-331149.65	1023	4.66
4.66	5.01	84	-273.35	-331149.65	1023	4.66
4.66	5.01	84	-273.35	-331149.65	1023	4.66
4.66	5.01	85	-273.35	-330825.62	1023	4.66
4.66	5.01	85	-273.35	-330825.62	1023	4.66
4.66	5.01	85	-273.35	-330825.62	1023	4.66
4.66	5.01	85	-273.35	-330825.62	1023	4.66
4.66	5.01	85	-273.35	-330825.62	1023	4.66
4.66	5.01	85	-273.35	-330825.62	1023	4.66
4.66	5.01	85	-273.35	-330825.62	1023	4.66
4.66	5.01	85	-273.35	-330825.62	1023	4.66
4.66	5.01	86	-273.35	-330501.12	1023	4.66
4.66	5.01	86	-273.35	-330501.12	1023	4.66
4.66	5.01	86	-273.35	-330501.12	1023	4.66
4.66	5.01	86	-273.35	-330501.12	1023	4.66
4.66	5.01	86	-273.35	-330501.12	1023	4.66
4.66	5.01	86	-273.35	-330501.12	1023	4.66
4.66	5.01	86	-273.35	-330501.12	1023	4.66
4.66	5.01	86	-273.35	-330501.12	1023	4.66
4.66	5.00	87	-273.35	-330176.15	1023	4.66
4.66	5.00	87	-273.35	-330176.15	1023	4.66
4.66	5.00	87	-273.35	-330176.15	1023	4.66
4.66	5.00	87	-273.35	-330176.15	1023	4.66
4.66	5.00	87	-273.35	-330176.15	1023	4.66
4.66	5.00	87	-273.35	-330176.15	1023	4.66
4.66	5.00	87	-273.35	-330176.15	1023	4.66
4.66	5.00	88	-273.35	-329850.75	1021	4.65
4.66	5.00	88	-273.35	-329850.75	1022	4.66
4.66	5.00	88	-273.35	-329850.75	1022	4.66
4.66	5.00	87	-273.35	-330176.15	1023	4.66
4.66	5.00	87	-273.35	-330176.15	1023	4.66
4.66	5.00	87	-273.35	-330176.15	1022	4.66
4.66	5.00	88	-273.35	-329850.75	1021	4.65
4.66	5.00	88	-273.35	-329850.75	1021	4.65
4.66	5.00	88	-273.35	-329850.75	1022	4.66
4.66	5.00	88	-273.35	-329850.75	1022	4.66
4.66	5.00	88	-273.35	-329850.75	1022	4.66
4.66	5.00	88	-273.35	-329850.75	1021	4.65
4.66	5.00	88	-273.35	-329850.75	1021	4.65
4.66	5.00	89	-273.35	-329524.87	1019	4.64
4.66	5.00	89	-273.35	-329524.87	1020	4.65
4.66	5.00	89	-273.35	-329524.87	1020	4.65
4.66	5.00	89	-273.35	-329524.87	1022	4.66
4.66	5.00	89	-273.35	-329524.87	1022	4.66
4.66	5.00	89	-273.35	-329524.87	1020	4.65
4.66	4.99	90	-273.35	-329198.56	1019	4.64
4.66	4.99	90	-273.35	-329198.56	1019	4.64
4.66	4.99	90	-273.35	-329198.56	1018	4.64
4.66	4.99	90	-273.35	-329198.56	1018	4.64
4.66	5.00	89	-273.35	-329524.87	1020	4.65
4.66	4.99	90	-273.35	-329198.56	1019	4.64
4.66	4.99	90	-273.35	-329198.56	1019	4.64
4.66	4.99	90	-273.35	-329198.56	1020	4.65
4.66	4.99	90	-273.35	-329198.56	1020	4.65
4.66	4.99	90	-273.35	-329198.56	1019	4.64
4.66	4.99	90	-273.35	-329198.56	1019	4.64
4.66	4.99	90	-273.35	-329198.56	1019	4.64
4.66	4.99	90	-273.35	-329198.56	1019	4.64
4.66	4.99	90	-273.35	-329198.56	1019	4.64
4.66	4.99	90	-273.35	-329198.56	1019	4.64
4.66	4.99	90	-273.35	-329198.56	1020	4.65
4.66	4.99	90	-273.35	-329198.56	1020	4.65
4.66	4.99	90	-273.35	-329198.56	1020	4.65
4.66	4.99	90	-273.35	-329198.56	1019	4.64
4.66	4.99	90	-273.35	-329198.56	1019	4.64
4.66	4.99	90	-273.35	-329198.56	1019	4.64
4.66	4.99	90	-273.35	-329198.56	1019	4.64
4.66	4.99	90	-273.35	-329198.56	1020	4.65
4.66	4.99	90	-273.35	-329198.56	1019	4.64
4.66	4.99	90	-273.35	-329198.56	1019	4.64
4.66	4.99	90	-273.35	-329198.56	1019	4.64
4.66	4.99	90	-273.35	-329198.56	1019	4.64
4.66	4.99	90	-273.35	-329198.56	1019	4.64
4.66	4.99	90	-273.35	-329198.56	1019	4.64
4.66	4.99	90	-273.35	-329198.56	1019	4.64
4.66	4.99	90	-273.35	-329198.56	1020	4.65
4.66	4.99	90	-273.35	-329198.56	1020	4.65
4.66	4.99	90	-273.35	-329198.56	1019	4.64
4.66	4.99	90	-273.35	-329198.56	1019	4.64
4.66	4.99	90	-273.35	-329198.56	1019	4.64
4.66	4.99	90	-273.35	-329198.56	1020	4.65
4.66	4.99	90	-273.35	-329198.56	1019	4.64
4.66	4.99	90	-273.35	-329198.56	1019	4.64
4.66	5.00	89	-273.35	-329524.87	1019	4.64
4.66	5.00	89	-273.35	-329524.87	1019	4.64
4.66	5.00	89	-273.35	-329524.87	1020	4.65
4.66	4.99	90	-273.35	-329198.56	1019	4.64
4.66	4.99	90	-273.35	-329198.56	1019	4.64
4.66	5.00	89	-273.35	-329524.87	1020	4.65
4.66	5.00	89	-273.35	-329524.87	1020	4.65
4.56	4.88	81	-273.35	-328542.43	1020	4.55
4.56	4.88	81	-273.35	-328542.43	1020	4.55
4.56	4.88	81	-273.35	-328542.43	1020	4.55
4.56	4.88	81	-273.35	-328542.43	1020	4.55
4.56	4.88	81	-273.35	-328542.43	1020	4.55
4.56	4.88	81	-273.35	-328542.43	1020	4.55
4.56	4.88	81	-273.35	-328542.43	1020	4.55
4.56	4.88	81	-273.35	-328542.43	1020	4.55
4.56	4.88	81	-273.35	-328542.43	1020	4.55
4.56	4.88	81	-273.35	-328542.43	1020	4.55
4.56	4.88	81	-273.35	-328542.43	1020	4.55
4.56	4.88	81	-273.35	-328542.43	1020	4.55
4.56	4.88	81	-273.35	-328542.43	1020	4.55
4.56	4.88	81	-273.35	-328542.43	1020	4.55
4.56	4.88	81	-273.35	-328542.43	1020	4.55
4.56	4.88	81	-273.35	-328542.43	1020	4.55
4.56	4.88	81	-273.35	-328542.43	1020	4.55
4.56	4.88	81	-273.35	-328542.43	1020	4.55
4.56	4.88	81	-273.35	-328542.43	1020	4.55
4.56	4.88	81	-273.35	-328542.43	1020	4.55
4.56	4.88	81	-273.35	-328542.43	1020	4.55
4.56	4.88	81	-273.35	-328542.43	1021	4.55
4.56	4.88	81	-273.35	-328542.43	1021	4.55
4.56	4.88	81	-273.35	-328542.43	1020	4.55
4.56	4.88	81	-273.35	-328542.43	1020	4.55
4.56	4.88	81	-273.35	-328542.43	1020	4.55
4.56	4.88	81	-273.35	-328542.43	1021	4.55
4.56	4.88	81	-273.35	-328542.43	1021	4.55
4.56	4.88	80	-273.35	-328876.93	1022	4.55
4.56	4.88	79	-273.35	-329210.96	1022	4.55
4.56	4.88	79	-273.35	-329210.96	1022	4.55
4.56	4.88	80	-273.35	-328876.93	1021	4.55
4.56	4.88	80	-273.35	-328876.93	1021	4.55
4.56	4.88	80	-273.35	-328876.93	1022	4.55
4.56	4.88	79	-273.35	-329210.96	1023	4.56
4.56	4.88	79	-273.35	-329210.96	1023	4.56
4.56	4.88	79	-273.35	-329210.96	1023	4.56
4.56	4.89	78	-273.35	-329544.53	1023	4.56
4.56	4.89	78	-273.35	-329544.53	1023	4.56
4.56	4.89	78	-273.35	-329544.53	1023	4.56
4.56	4.89	78	-273.35	-329544.53	1023	4.56
4.56	4.89	78	-273.35	-329544.53	1023	4.56
4.56	4.89	78	-273.35	-329544.53	1023	4.56
4.56	4.89	78	-273.35	-329544.53	1023	4.56
4.56	4.89	78	-273.35	-329544.53	1023	4.56
4.56	4.89	78	-273.35	-329544.53	1023	4.56
4.56	4.88	79	-273.35	-329210.96	1023	4.56
4.56	4.89	78	-273.35	-329544.53	1023	4.56
4.56	4.89	78	-273.35	-329544.53	1023	4.56
4.56	4.89	78	-273.35	-329544.53	1023	4.56
4.56	4.89	78	-273.35	-329544.53	1023	4.56
4.56	4.88	79	-273.35	-329210.96	1023	4.56
4.56	4.89	78	-273.35	-329544.53	1023	4.56
4.56	4.89	78	-273.35	-329544.53	1023	4.56
4.56	4.89	78	-273.35	-329544.53	1023	4.56
4.56	4.89	78	-273.35	-329544.53	1023	4.56
4.56	4.89	78	-273.35	-329544.53	1023	4.56
4.56	4.89	78	-273.35	-329544.53	1023	4.56
4.56	4.89	78	-273.35	-329544.53	1023	4.56
4.56	4.89	78	-273.35	-329544.53	1023	4.56
4.56	4.89	77	-273.35	-329877.59	1023	4.56
4.56	4.89	77	-273.35	-329877.59	1023	4.56
4.56	4.89	77	-273.35	-329877.59	1023	4.56
4.56	4.89	77	-273.35	-329877.59	1023	4.56
4.56	4.89	77	-273.35	-329877.59	1023	4.56
4.56	4.89	76	-273.35	-330210.18	1023	4.56
4.56	4.89	76	-273.35	-330210.18	1023	4.56
4.56	4.89	76	-273.35	-330210.18	1023	4.56
4.56	4.89	76	-273.35	-330210.18	1023	4.56
4.56	4.89	76	-273.35	-330210.18	1023	4.56
4.56	4.89	76	-273.35	-330210.18	1023	4.56
4.56	4.89	76	-273.35	-330210.18	1023	4.56
4.56	4.89	76	-273.35	-330210.18	1023	4.56
4.56	4.89	76	-273.35	-330210.18	1023	4.56
4.56	4.89	76	-273.35	-330210.18	1023	4.56
4.56	4.89	76	-273.35	-330210.18	1023	4.56
4.56	4.89	76	-273.35	-330210.18	1023	4.56
4.56	4.89	76	-273.35	-330210.18	1023	4.56
4.56	4.89	76	-273.35	-330210.18	1023	4.56
4.56	4.89	76	-273.35	-330210.18	1023	4.56
4.56	4.89	76	-273.35	-330210.18	1023	4.56
4.56	4.89	76	-273.35	-330210.18	1023	4.56
4.56	4.89	76	-273.35	-330210.18	1023	4.56
4.56	4.89	76	-273.35	-330210.18	1023	4.56
4.56	4.89	76	-273.35	-330210.18	1023	4.56
4.56	4.89	76	-273.35	-330210.18	1023	4.56
4.56	4.89	76	-273.35	-330210.18	1023	4.56
4.56	4.89	76	-273.35	-330210.18	1023	4.56
4.56	4.89	76	-273.35	-330210.18	1023	4.56
4.56	4.89	76	-273.35	-330210.18	1023	4.56
4.56	4.89	76	-273.35	-330210.18	1023	4.56
4.56	4.89	76	-273.35	-330210.18	1023	4.56
4.56	4.89	76	-273.35	-330210.18	1023	4.56
4.56	4.89	76	-273.35	-330210.18	1023	4.56
4.56	4.89	76	-273.35	-330210.18	1023	4.56
4.56	4.89	76	-273.35	-330210.18	1023	4.56
4.56	4.89	76	-273.35	-330210.18	1023	4.56
4.56	4.89	76	-273.35	-330210.18	1023	4.56
4.56	4.89	76	-273.35	-330210.18	1023	4.56
4.56	4.89	76	-273.35	-330210.18	1023	4.56
4.56	4.89	76	-273.35	-330210.18	1023	4.56
4.56	4.89	76	-273.35	-330210.18	1023	4.56
4.56	4.89	76	-273.35	-330210.18	1023	4.56
4.56	4.89	76	-273.35	-330210.18	1023	4.56
4.56	4.89	76	-273.35	-330210.18	1023	4.56
4.56	4.89	76	-273.35	-330210.18	1023	4.56
4.56	4.89	76	-273.35	-330210.18	1023	4.56
4.56	4.89	76	-273.35	-330210.18	1023	4.56
4.56	4.89	76	-273.35	-330210.18	1023	4.56
4.56	4.89	76	-273.35	-330210.18	1023	4.56
4.56	4.89	76	-273.35	-330210.18	1023	4.56
4.56	4.89	76	-273.35	-330210.18	1023	4.56
4.56	4.89	76	-273.35	-330210.18	1023	4.56
4.46	4.78	68	-273.35	-329382.96	1023	4.46
4.46	4.78	68	-273.35	-329382.96	1023	4.46
4.46	4.78	68	-273.35	-329382.96	1023	4.46
4.46	4.78	68	-273.35	-329382.96	1023	4.46
4.46	4.78	68	-273.35	-329382.96	1023	4.46
4.46	4.78	68	-273.35	-329382.96	1023	4.46
4.46	4.78	68	-273.35	-329382.96	1023	4.46
4.46	4.78	68	-273.35	-329382.96	1023	4.46
4.46	4.78	68	-273.35	-329382.96	1023	4.46
4.46	4.78	68	-273.35	-329382.96	1023	4.46
4.46	4.78	68	-273.35	-329382.96	1023	4.46
4.46	4.78	68	-273.35	-329382.96	1023	4.46
4.46	4.78	68	-273.35	-329382.96	1023	4.46
4.46	4.78	68	-273.35	-329382.96	1023	4.46
4.46	4.78	68	-273.35	-329382.96	1023	4.46
4.46	4.78	68	-273.35	-329382.96	1023	4.46
4.46	4.78	68	-273.35	-329382.96	1023	4.46
4.46	4.78	68	-273.35	-329382.96	1023	4.46
4.46	4.78	68	-273.35	-329382.96	1023	4.46
4.46	4.78	68	-273.35	-329382.96	1023	4.46
4.46	4.78	68	-273.35	-329382.96	1023	4.46
4.46	4.78	68	-273.35	-329382.96	1023	4.46
4.46	4.78	68	-273.35	-329382.96	1023	4.46
4.46	4.78	68	-273.35	-329382.96	1023	4.46
4.46	4.78	68	-273.35	-329382.96	1023	4.46
4.46	4.78	68	-273.35	-329382.96	1023	4.46
4.46	4.78	68	-273.35	-329382.96	1023	4.46
4.46	4.78	68	-273.35	-329382.96	1023	4.46
4.46	4.78	68	-273.35	-329382.96	1023	4.46
4.46	4.78	68	-273.35	-329382.96	1023	4.46
4.46	4.78	68	-273.35	-329382.96	1023	4.46
4.46	4.78	68	-273.35	-329382.96	1023	4.46
4.46	4.78	68	-273.35	-329382.96	1023	4.46
4.46	4.78	69	-273.35	-329041.90	1023	4.46
4.46	4.78	69	-273.35	-329041.90	1023	4.46
4.46	4.78	69	-273.35	-329041.90	1023	4.46
4.46	4.78	69	-273.35	-329041.90	1023	4.46
4.46	4.78	69	-273.35	-329041.90	1023	4.46
4.46	4.78	69	-273.35	-329041.90	1023	4.46
4.46	4.78	69	-273.35	-329041.90	1023	4.46
4.46	4.78	69	-273.35	-329041.90	1023	4.46
4.46	4.77	70	-273.35	-328700.37	1023	4.46
4.46	4.77	70	-273.35	-328700.37	1023	4.46
4.46	4.77	70	-273.35	-328700.37	1023	4.46
4.46	4.78	69	-273.35	-329041.90	1023	4.46
4.46	4.78	69	-273.35	-329041.90	1023	4.46
4.46	4.77	70	-273.35	-328700.37	1023	4.46
4.46	4.77	70	-273.35	-328700.37	1023	4.46
4.46	4.77	70	-273.35	-328700.37	1023	4.46
4.46	4.77	70	-273.35	-328700.37	1023	4.46
4.46	4.77	70	-273.35	-328700.37	1023	4.46
4.46	4.77	70	-273.35	-328700.37	1023	4.46
4.46	4.77	70	-273.35	-328700.37	1023	4.46
4.46	4.77	70	-273.35	-328700.37	1023	4.46
4.46	4.77	70	-273.35	-328700.37	1023	4.46
4.46	4.77	70	-273.35	-328700.37	1023	4.46
4.46	4.77	70	-273.35	-328700.37	1023	4.46
4.46	4.77	70	-273.35	-328700.37	1023	4.46
4.46	4.77	70	-273.35	-328700.37	1023	4.46
4.46	4.77	70	-273.35	-328700.37	1023	4.46
4.46	4.77	70	-273.35	-328700.37	1023	4.46
4.46	4.77	71	-273.35	-328358.31	1022	4.46
4.46	4.77	71	-273.35	-328358.31	1022	4.46
4.46	4.77	71	-273.35	-328358.31	1022	4.46
4.46	4.77	70	-273.35	-328700.37	1023	4.46
4.46	4.77	70	-273.35	-328700.37	1023	4.46
4.46	4.77	71	-273.35	-328358.31	1022	4.46
4.46	4.77	72	-273.35	-328015.78	1020	4.45
4.46	4.77	72	-273.35	-328015.78	1020	4.45
4.46	4.77	72	-273.35	-328015.78	1021	4.45
4.46	4.77	72	-273.35	-328015.78	1021	4.45
4.46	4.77	72	-273.35	-328015.78	1021	4.45
4.46	4.77	72	-273.35	-328015.78	1020	4.45
4.46	4.77	72	-273.35	-328015.78	1020	4.45
4.46	4.76	73	-273.35	-327672.71	1018	4.44
4.46	4.76	73	-273.35	-327672.71	1018	4.44
4.46	4.76	73	-273.35	-327672.71	1019	4.44
4.46	4.77	72	-273.35	-328015.78	1020	4.45
4.46	4.77	72	-273.35	-328015.78	1020	4.45
4.46	4.76	73	-273.35	-327672.71	1019	4.44
4.46	4.76	73	-273.35	-327672.71	1019	4.44
4.46	4.76	73	-273.35	-327672.71	1020	4.45
4.46	4.76	73	-273.35	-327672.71	1020	4.45
4.46	4.76	73	-273.35	-327672.71	1020	4.45
4.46	4.77	72	-273.35	-328015.78	1019	4.44
4.46	4.76	73	-273.35	-327672.71	1020	4.45
4.46	4.76	73	-273.35	-327672.71	1020	4.45
4.46	4.76	73	-273.35	-327672.71	1020	4.45
4.46	4.76	73	-273.35	-327672.71	1020	4.45
4.46	4.76	73	-273.35	-327672.71	1020	4.45
4.46	4.76	73	-273.35	-327672.71	1020	4.45
4.46	4.76	73	-273.35	-327672.71	1020	4.45
4.46	4.76	73	-273.35	-327672.71	1020	4.45
4.46	4.76	73	-273.35	-327672.71	1020	4.45
4.46	4.76	73	-273.35	-327672.71	1020	4.45
4.46	4.76	73	-273.35	-327672.71	1019	4.44
4.46	4.76	73	-273.35	-327672.71	1019	4.44
4.46	4.76	73	-273.35	-327672.71	1020	4.45
4.46	4.76	73	-273.35	-327672.71	1020	4.45
4.46	4.76	73	-273.35	-327672.71	1020	4.45
4.46	4.76	73	-273.35	-327672.71	1020	4.45
4.46	4.76	73	-273.35	-327672.71	1020	4.45
4.46	4.76	73	-273.35	-327672.71	1020	4.45
4.46	4.76	73	-273.35	-327672.71	1020	4.45
4.46	4.77	72	-273.35	-328015.78	1019	4.44
4.46	4.77	72	-273.35	-328015.78	1019	4.44
4.46	4.77	72	-273.35	-328015.78	1019	4.44
4.46	4.76	73	-273.35	-327672.71	1020	4.45
4.37	4.66	64	-273.35	-327268.53	1019	4.35
4.37	4.66	64	-273.35	-327268.53	1019	4.35
4.37	4.66	64	-273.35	-327268.53	1019	4.35
4.37	4.66	64	-273.35	-327268.53	1019	4.35
4.37	4.66	64	-273.35	-327268.53	1020	4.36
4.37	4.66	64	-273.35	-327268.53	1020	4.36
4.37	4.66	64	-273.35	-327268.53	1020	4.36
4.37	4.66	64	-273.35	-327268.53	1019	4.35
4.37	4.66	64	-273.35	-327268.53	1019	4.35
4.37	4.66	64	-273.35	-327268.53	1020	4.36
4.37	4.66	64	-273.35	-327268.53	1020	4.36
4.37	4.66	64	-273.35	-327268.53	1020	4.36
4.37	4.66	64	-273.35	-327268.53	1019	4.35
4.37	4.66	64	-273.35	-327268.53	1019	4.35
4.37	4.66	64	-273.35	-327268.53	1019	4.35
4.37	4.66	64	-273.35	-327268.53	1019	4.35
4.37	4.66	64	-273.35	-327268.53	1019	4.35
4.37	4.66	64	-273.35	-327268.53	1020	4.36
4.37	4.66	64	-273.35	-327268.53	1020	4.36
4.37	4.66	63	-273.35	-327619.50	1020	4.36
4.37	4.66	64	-273.35	-327268.53	1019	4.35
4.37	4.66	64	-273.35	-327268.53	1019	4.35
4.37	4.66	65	-273.35	-326917.06	1019	4.35
4.37	4.66	64	-273.35	-327268.53	1021	4.36
4.37	4.66	64	-273.35	-327268.53	1021	4.36
4.37	4.66	63	-273.35	-327619.50	1021	4.36
4.37	4.66	63	-273.35	-327619.50	1021	4.36
4.37	4.66	63	-273.35	-327619.50	1020	4.36
4.37	4.66	64	-273.35	-327268.53	1020	4.36
4.37	4.66	64	-273.35	-327268.53	1020	4.36
4.36	4.65	63	-273.35	-327270.56	1022	4.36
4.36	4.65	63	-273.35	-327270.56	1022	4.36
4.37	4.67	62	-273.35	-327969.90	1022	4.36
4.37	4.66	63	-273.35	-327619.50	1020	4.36
4.37	4.66	63	-273.35	-327619.50	1020	4.36
4.37	4.66	63	-273.35	-327619.50	1021	4.36
4.37	4.66	63	-273.35	-327619.50	1021	4.36
4.37	4.66	63	-273.35	-327619.50	1022	4.36
4.37	4.67	62	-273.35	-327969.90	1023	4.37
4.37	4.67	62	-273.35	-327969.90	1023	4.37
4.37	4.67	62	-273.35	-327969.90	1022	4.36
4.37	4.67	62	-273.35	-327969.90	1022	4.36
4.37	4.67	62	-273.35	-327969.90	1022	4.36
4.36	4.66	61	-273.35	-327973.43	1023	4.36
4.36	4.66	61	-273.35	-327973.43	1023	4.36
4.37	4.67	61	-273.35	-328319.84	1023	4.37
4.37	4.67	61	-273.35	-328319.84	1023	4.37
4.37	4.67	61	-273.35	-328319.84	1023	4.37
4.37	4.67	62	-273.35	-327969.90	1023	4.37
4.37	4.67	62	-273.35	-327969.90	1023	4.37
4.37	4.67	62	-273.35	-327969.90	1023	4.37
4.37	4.67	61	-273.35	-328319.84	1023	4.37
4.37	4.67	61	-273.35	-328319.84	1023	4.37
4.37	4.67	61	-273.35	-328319.84	1023	4.37
4.37	4.67	61	-273.35	-328319.84	1023	4.37
4.37	4.67	61	-273.35	-328319.84	1023	4.37
4.36	4.66	61	-273.35	-327973.43	1023	4.36
4.36	4.66	61	-273.35	-327973.43	1023	4.36
4.37	4.67	61	-273.35	-328319.84	1023	4.37
4.37	4.67	61	-273.35	-328319.84	1023	4.37
4.37	4.68	60	-273.35	-328669.21	1023	4.37
4.37	4.68	60	-273.35	-328669.21	1023	4.37
4.37	4.68	60	-273.35	-328669.21	1023	4.37
4.37	4.68	60	-273.35	-328669.21	1023	4.37
4.37	4.68	60	-273.35	-328669.21	1023	4.37
4.37	4.68	60	-273.35	-328669.21	1023	4.37
4.37	4.68	60	-273.35	-328669.21	1023	4.37
4.37	4.68	60	-273.35	-328669.21	1023	4.37
4.37	4.68	59	-273.35	-329018.09	1023	4.37
4.36	4.67	59	-273.35	-328674.15	1023	4.36
4.36	4.67	59	-273.35	-328674.15	1023	4.36
4.37	4.68	59	-273.35	-329018.09	1023	4.37
4.37	4.68	59	-273.35	-329018.09	1023	4.37
4.37	4.68	59	-273.35	-329018.09	1023	4.37
4.36	4.67	59	-273.35	-328674.15	1023	4.36
4.36	4.67	59	-273.35	-328674.15	1023	4.36
4.37	4.68	59	-273.35	-329018.09	1023	4.37
4.37	4.68	59	-273.35	-329018.09	1023	4.37
4.37	4.68	59	-273.35	-329018.09	1023	4.37
4.37	4.68	59	-273.35	-329018.09	1023	4.37
4.37	4.68	59	-273.35	-329018.09	1023	4.37
4.37	4.68	59	-273.35	-329018.09	1023	4.37
4.37	4.68	59	-273.35	-329018.09	1023	4.37
4.37	4.68	59	-273.35	-329018.09	1023	4.37
4.37	4.68	59	-273.35	-329018.09	1023	4.37
4.37	4.68	59	-273.35	-329018.09	1023	4.37
4.37	4.68	59	-273.35	-329018.09	1023	4.37
4.37	4.68	59	-273.35	-329018.09	1023	4.37
4.37	4.68	59	-273.35	-329018.09	1023	4.37
4.37	4.68	59	-273.35	-329018.09	1023	4.37
4.37	4.68	59	-273.35	-329018.09	1023	4.37
4.37	4.68	59	-273.35	-329018.09	1023	4.37
4.37	4.68	59	-273.35	-329018.09	1023	4.37
4.37	4.68	59	-273.35	-329018.09	1023	4.37
4.36	4.67	59	-273.35	-328674.15	1023	4.36
4.36	4.67	59	-273.35	-328674.15	1023	4.36
4.37	4.68	59	-273.35	-329018.09	1023	4.37
4.37	4.68	59	-273.35	-329018.09	1023	4.37
4.37	4.68	59	-273.35	-329018.09	1023	4.37
4.37	4.68	59	-273.35	-329018.09	1023	4.37
4.37	4.68	59	-273.35	-329018.09	1023	4.37
4.37	4.68	59	-273.35	-329018.09	1023	4.37
4.37	4.68	59	-273.35	-329018.09	1023	4.37
4.37	4.68	59	-273.35	-329018.09	1023	4.37
4.26	4.55	51	-273.35	-327748.50	1023	4.26
4.26	4.55	51	-273.35	-327748.50	1023	4.26
4.26	4.55	51	-273.35	-327748.50	1023	4.26
4.26	4.55	51	-273.35	-327748.50	1023	4.26
4.26	4.55	51	-273.35	-327748.50	1023	4.26
4.26	4.55	51	-273.35	-327748.50	1023	4.26
4.26	4.55	51	-273.35	-327748.50	1023	4.26
4.26	4.55	51	-273.35	-327748.50	1023	4.26
4.26	4.55	51	-273.35	-327748.50	1023	4.26
4.26	4.55	51	-273.35	-327748.50	1023	4.26
4.26	4.55	51	-273.35	-327748.50	1023	4.26
4.26	4.55	51	-273.35	-327748.50	1023	4.26
4.26	4.55	51	-273.35	-327748.50	1023	4.26
4.26	4.55	51	-273.35	-327748.50	1023	4.26
4.26	4.55	51	-273.35	-327748.50	1023	4.26
4.26	4.55	51	-273.35	-327748.50	1023	4.26
4.26	4.55	52	-273.35	-327388.96	1023	4.26
4.26	4.55	52	-273.35	-327388.96	1023	4.26
4.26	4.55	52	-273.35	-327388.96	1023	4.26
4.26	4.55	52	-273.35	-327388.96	1023	4.26
4.26	4.55	52	-273.35	-327388.96	1023	4.26
4.26	4.55	53	-273.35	-327028.87	1023	4.26
4.26	4.55	53	-273.35	-327028.87	1023	4.26
4.26	4.55	52	-273.35	-327388.96	1023	4.26
4.26	4.55	52	-273.35	-327388.96	1023	4.26
4.26	4.55	52	-273.35	-327388.96	1023	4.26
4.26	4.55	53	-273.35	-327028.87	1023	4.26
4.26	4.55	53	-273.35	-327028.87	1023	4.26
4.26	4.55	53	-273.35	-327028.87	1023	4.26
4.26	4.55	53	-273.35	-327028.87	1023	4.26
4.26	4.55	52	-273.35	-327388.96	1023	4.26
4.26	4.55	52	-273.35	-327388.96	1023	4.26
4.26	4.55	52	-273.35	-327388.96	1023	4.26
4.26	4.55	53	-273.35	-327028.87	1023	4.26
4.26	4.54	54	-273.35	-326668.21	1022	4.26
4.26	4.54	54	-273.35	-326668.21	1022	4.26
4.26	4.54	54	-273.35	-326668.21	1023	4.26
4.26	4.54	54	-273.35	-326668.21	1023	4.26
4.26	4.55	53	-273.35	-327028.87	1022	4.26
4.26	4.54	54	-273.35	-326668.21	1020	4.25
4.26	4.54	54	-273.35	-326668.21	1020	4.25
4.26	4.54	55	-273.35	-326307.03	1020	4.25
4.26	4.54	55	-273.35	-326307.03	1020	4.25
4.26	4.54	55	-273.35	-326307.03	1021	4.25
4.26	4.54	54	-273.35	-326668.21	1020	4.25
4.26	4.54	54	-273.35	-326668.21	1020	4.25
4.26	4.54	55	-273.35	-326307.03	1018	4.24
4.26	4.54	55	-273.35	-326307.03	1018	4.24
4.26	4.53	56	-273.35	-325945.28	1018	4.24
4.26	4.54	55	-273.35	-326307.03	1019	4.25
4.26	4.54	55	-273.35	-326307.03	1019	4.25
4.26	4.54	55	-273.35	-326307.03	1019	4.25
4.26	4.54	55	-273.35	-326307.03	1019	4.25
4.26	4.54	55	-273.35	-326307.03	1019	4.25
4.26	4.54	55	-273.35	-326307.03	1019	4.25
4.26	4.54	55	-273.35	-326307.03	1019	4.25
4.26	4.54	55	-273.35	-326307.03	1019	4.25
4.26	4.54	55	-273.35	-326307.03	1019	4.25
4.26	4.54	55	-273.35	-326307.03	1019	4.25
4.26	4.54	55	-273.35	-326307.03	1019	4.25
4.26	4.54	55	-273.35	-326307.03	1019	4.25
4.26	4.54	55	-273.35	-326307.03	1019	4.25
4.26	4.54	55	-273.35	-326307.03	1019	4.25
4.26	4.54	55	-273.35	-326307.03	1019	4.25
4.26	4.54	55	-273.35	-326307.03	1019	4.25
4.26	4.54	55	-273.35	-326307.03	1019	4.25
4.26	4.54	55	-273.35	-326307.03	1019	4.25
4.26	4.54	55	-273.35	-326307.03	1019	4.25
4.26	4.54	55	-273.35	-326307.03	1019	4.25
4.26	4.54	55	-273.35	-326307.03	1019	4.25
4.26	4.54	55	-273.35	-326307.03	1019	4.25
4.26	4.54	55	-273.35	-326307.03	1019	4.25
4.26	4.54	55	-273.35	-326307.03	1019	4.25
4.26	4.54	55	-273.35	-326307.03	1019	4.25
4.26	4.54	55	-273.35	-326307.03	1020	4.25
4.26	4.54	55	-273.35	-326307.03	1020	4.25
4.26	4.54	55	-273.35	-326307.03	1019	4.25
4.26	4.54	55	-273.35	-326307.03	1019	4.25
4.26	4.54	55	-273.35	-326307.03	1019	4.25
4.26	4.54	55	-273.35	-326307.03	1019	4.25
4.26	4.54	55	-273.35	-326307.03	1019	4.25
4.26	4.54	55	-273.35	-326307.03	1019	4.25
4.26	4.54	55	-273.35	-326307.03	1019	4.25
4.26	4.54	55	-273.35	-326307.03	1019	4.25
4.26	4.54	55	-273.35	-326307.03	1020	4.25
4.26	4.54	55	-273.35	-326307.03	1019	4.25
4.26	4.54	55	-273.35	-326307.03	1019	4.25
4.26	4.54	55	-273.35	-326307.03	1019	4.25
4.26	4.54	55	-273.35	-326307.03	1019	4.25
4.26	4.54	55	-273.35	-326307.03	1019	4.25
4.17	4.43	47	-273.35	-325469.37	1019	4.15
4.17	4.43	47	-273.35	-325469.37	1019	4.15
4.17	4.43	47	-273.35	-325469.37	1020	4.16
4.17	4.43	47	-273.35	-325469.37	1020	4.16
4.17	4.43	47	-273.35	-325469.37	1019	4.15
4.17	4.43	47	-273.35	-325469.37	1019	4.15
4.17	4.43	47	-273.35	-325469.37	1019	4.15
4.17	4.43	47	-273.35	-325469.37	1019	4.15
4.17	4.43	47	-273.35	-325469.37	1019	4.15
4.17	4.43	47	-273.35	-325469.37	1019	4.15
4.17	4.43	46	-273.35	-325839.96	1019	4.15
4.17	4.43	46	-273.35	-325839.96	1019	4.15
4.17	4.43	46	-273.35	-325839.96	1019	4.15
4.17	4.43	47	-273.35	-325469.37	1019	4.15
4.17	4.43	47	-273.35	-325469.37	1019	4.15
4.17	4.43	47	-273.35	-325469.37	1019	4.15
4.17	4.43	47	-273.35	-325469.37	1019	4.15
4.17	4.43	46	-273.35	-325839.96	1020	4.16
4.17	4.44	45	-273.35	-326209.96	1021	4.16
4.17	4.44	45	-273.35	-326209.96	1021	4.16
4.17	4.44	45	-273.35	-326209.96	1022	4.17
4.17	4.44	45	-273.35	-326209.96	1022	4.17
4.17	4.44	44	-273.35	-326579.37	1023	4.17
4.17	4.44	44	-273.35	-326579.37	1022	4.17
4.17	4.44	44	-273.35	-326579.37	1022	4.17
4.17	4.44	45	-273.35	-326209.96	1021	4.16
4.17	4.44	45	-273.35	-326209.96	1021	4.16
4.17	4.43	47	-273.35	-325469.37	1019	4.15
4.17	4.43	46	-273.35	-325839.96	1021	4.16
4.17	4.43	46	-273.35	-325839.96	1021	4.16
4.17	4.43	46	-273.35	-325839.96	1020	4.16
4.17	4.43	46	-273.35	-325839.96	1020	4.16
4.17	4.43	47	-273.35	-325469.37	1018	4.15
4.17	4.43	47	-273.35	-325469.37	1019	4.15
4.17	4.43	47	-273.35	-325469.37	1019	4.15
4.17	4.43	46	-273.35	-325839.96	1021	4.16
4.17	4.44	45	-273.35	-326209.96	1021	4.16
4.17	4.44	45	-273.35	-326209.96	1021	4.16
4.17	4.43	46	-273.35	-325839.96	1020	4.16
4.17	4.43	46	-273.35	-325839.96	1020	4.16
4.17	4.43	46	-273.35	-325839.96	1021	4.16
4.17	4.44	45	-273.35	-326209.96	1023	4.17
4.17	4.44	45	-273.35	-326209.96	1023	4.17
4.17	4.44	44	-273.35	-326579.37	1023	4.17
4.17	4.44	44	-273.35	-326579.37	1023	4.17
4.17	4.44	44	-273.35	-326579.37	1022	4.17
4.17	4.44	45	-273.35	-326209.96	1023	4.17
4.17	4.44	45	-273.35	-326209.96	1023	4.17
4.17	4.44	44	-273.35	-326579.37	1023	4.17
4.17	4.44	44	-273.35	-326579.37	1023	4.17
4.17	4.44	43	-273.35	-326948.21	1023	4.17
4.17	4.44	44	-273.35	-326579.37	1023	4.17
4.17	4.44	44	-273.35	-326579.37	1023	4.17
4.17	4.44	44	-273.35	-326579.37	1023	4.17
4.17	4.44	44	-273.35	-326579.37	1023	4.17
4.17	4.44	44	-273.35	-326579.37	1023	4.17
4.17	4.44	43	-273.35	-326948.21	1023	4.17
4.17	4.44	43	-273.35	-326948.21	1023	4.17
4.17	4.44	43	-273.35	-326948.21	1023	4.17
4.17	4.44	44	-273.35	-326579.37	1023	4.17
4.17	4.44	44	-273.35	-326579.37	1023	4.17
4.17	4.44	43	-273.35	-326948.21	1023	4.17
4.17	4.44	43	-273.35	-326948.21	1023	4.17
4.17	4.44	43	-273.35	-326948.21	1023	4.17
4.17	4.45	42	-273.35	-327316.46	1023	4.17
4.17	4.45	42	-273.35	-327316.46	1023	4.17
4.17	4.45	42	-273.35	-327316.46	1023	4.17
4.17	4.45	42	-273.35	-327316.46	1023	4.17
4.17	4.45	42	-273.35	-327316.46	1023	4.17
4.17	4.45	42	-273.35	-327316.46	1023	4.17
4.17	4.45	42	-273.35	-327316.46	1023	4.17
4.17	4.45	42	-273.35	-327316.46	1023	4.17
4.17	4.45	42	-273.35	-327316.46	1023	4.17
4.17	4.45	42	-273.35	-327316.46	1023	4.17
4.17	4.45	42	-273.35	-327316.46	1023	4.17
4.17	4.45	42	-273.35	-327316.46	1023	4.17
4.17	4.45	42	-273.35	-327316.46	1023	4.17
4.17	4.45	42	-273.35	-327316.46	1023	4.17
4.17	4.45	42	-273.35	-327316.46	1023	4.17
4.17	4.45	42	-273.35	-327316.46	1023	4.17
4.17	4.45	42	-273.35	-327316.46	1023	4.17
4.17	4.45	42	-273.35	-327316.46	1023	4.17
4.17	4.45	42	-273.35	-327316.46	1023	4.17
4.17	4.45	42	-273.35	-327316.46	1023	4.17
4.17	4.45	42	-273.35	-327316.46	1023	4.17
4.17	4.45	42	-273.35	-327316.46	1023	4.17
4.17	4.45	42	-273.35	-327316.46	1023	4.17
4.17	4.45	42	-273.35	-327316.46	1023	4.17
4.17	4.45	42	-273.35	-327316.46	1023	4.17
4.17	4.45	42	-273.35	-327316.46	1023	4.17
4.17	4.45	42	-273.35	-327316.46	1023	4.17
4.17	4.45	42	-273.35	-327316.46	1023	4.17
4.17	4.45	42	-273.35	-327316.46	1023	4.17
4.17	4.45	42	-273.35	-327316.46	1023	4.17
4.07	4.34	33	-273.35	-326700.81	1023	4.07
4.07	4.34	33	-273.35	-326700.81	1023	4.07
3.97	4.22	25	-273.35	-325531.15	1023	3.97
3.97	4.22	25	-273.35	-325531.15	1023	3.97
3.97	4.22	25	-273.35	-325531.15	1023	3.97
3.97	4.22	25	-273.35	-325531.15	1023	3.97
3.97	4.22	25	-273.35	-325531.15	1023	3.97
3.97	4.22	25	-273.35	-325531.15	1023	3.97
3.97	4.22	25	-273.35	-325531.15	1023	3.97
3.97	4.22	25	-273.35	-325531.15	1023	3.97
4.06	4.32	34	-273.35	-325993.18	1023	4.06
4.06	4.33	33	-273.35	-326372.50	1023	4.06
4.06	4.33	33	-273.35	-326372.50	1023	4.06
4.07	4.34	34	-273.35	-326322.75	1023	4.07
4.07	4.34	34	-273.35	-326322.75	1023	4.07
4.07	4.34	34	-273.35	-326322.75	1023	4.07
4.06	4.33	33	-273.35	-326372.50	1023	4.06
4.06	4.33	33	-273.35	-326372.50	1023	4.06
4.07	4.34	34	-273.35	-326322.75	1023	4.07
4.07	4.34	34	-273.35	-326322.75	1023	4.07
4.06	4.32	34	-273.35	-325993.18	1023	4.06
4.06	4.32	34	-273.35	-325993.18	1023	4.06
4.06	4.32	34	-273.35	-325993.18	1023	4.06
4.06	4.33	33	-273.35	-326372.50	1023	4.06
4.06	4.33	33	-273.35	-326372.50	1023	4.06
4.06	4.32	34	-273.35	-325993.18	1023	4.06
4.06	4.32	34	-273.35	-325993.18	1023	4.06
4.06	4.32	34	-273.35	-325993.18	1023	4.06
4.06	4.32	34	-273.35	-325993.18	1023	4.06
4.06	4.32	34	-273.35	-325993.18	1023	4.06
4.07	4.34	34	-273.35	-326322.75	1023	4.07
4.06	4.33	33	-273.35	-326372.50	1023	4.06
4.06	4.33	33	-273.35	-326372.50	1023	4.06
4.06	4.32	34	-273.35	-325993.18	1023	4.06
4.06	4.32	35	-273.35	-325613.28	1023	4.06
4.06	4.32	35	-273.35	-325613.28	1023	4.06
4.06	4.32	35	-273.35	-325613.28	1023	4.06
4.06	4.32	35	-273.35	-325613.28	1023	4.06
4.06	4.32	35	-273.35	-325613.28	1023	4.06
4.06	4.32	35	-273.35	-325613.28	1023	4.06
4.06	4.32	35	-273.35	-325613.28	1023	4.06
4.06	4.32	36	-273.35	-325232.71	1022	4.06
4.06	4.32	36	-273.35	-325232.71	1022	4.06
4.06	4.32	36	-273.35	-325232.71	1023	4.06
4.06	4.32	35	-273.35	-325613.28	1023	4.06
4.06	4.32	35	-273.35	-325613.28	1023	4.06
4.06	4.32	35	-273.35	-325613.28	1023	4.06
4.06	4.32	35	-273.35	-325613.28	1023	4.06
4.06	4.32	36	-273.35	-325232.71	1022	4.06
4.06	4.32	36	-273.35	-325232.71	1022	4.06
4.06	4.32	36	-273.35	-325232.71	1022	4.06
4.06	4.32	36	-273.35	-325232.71	1023	4.06
4.06	4.32	36	-273.35	-325232.71	1023	4.06
4.06	4.32	35	-273.35	-325613.28	1022	4.06
4.06	4.32	36	-273.35	-325232.71	1020	4.05
4.06	4.32	36	-273.35	-325232.71	1020	4.05
4.06	4.31	37	-273.35	-324851.56	1020	4.05
4.06	4.31	37	-273.35	-324851.56	1021	4.06
4.06	4.31	37	-273.35	-324851.56	1021	4.06
4.06	4.32	36	-273.35	-325232.71	1020	4.05
4.06	4.32	36	-273.35	-325232.71	1020	4.05
4.06	4.31	38	-273.35	-324469.78	1018	4.04
4.06	4.31	39	-273.35	-324087.40	1018	4.04
4.06	4.31	39	-273.35	-324087.40	1018	4.04
4.06	4.31	38	-273.35	-324469.78	1020	4.05
4.06	4.31	38	-273.35	-324469.78	1020	4.05
4.06	4.31	37	-273.35	-324851.56	1020	4.05
4.06	4.31	38	-273.35	-324469.78	1018	4.04
4.06	4.31	38	-273.35	-324469.78	1018	4.04
4.07	4.32	38	-273.35	-324804.46	1017	4.05
4.07	4.32	38	-273.35	-324804.46	1017	4.05
4.06	4.31	38	-273.35	-324469.78	1020	4.05
4.06	4.32	36	-273.35	-325232.71	1021	4.06
4.06	4.32	36	-273.35	-325232.71	1021	4.06
4.06	4.32	36	-273.35	-325232.71	1021	4.06
4.06	4.32	36	-273.35	-325232.71	1021	4.06
4.06	4.32	36	-273.35	-325232.71	1021	4.06
4.06	4.32	36	-273.35	-325232.71	1023	4.06
4.06	4.32	36	-273.35	-325232.71	1023	4.06
4.06	4.32	35	-273.35	-325613.28	1023	4.06
4.06	4.32	35	-273.35	-325613.28	1023	4.06
4.06	4.32	35	-273.35	-325613.28	1023	4.06
4.06	4.32	36	-273.35	-325232.71	1023	4.06
4.06	4.32	36	-273.35	-325232.71	1023	4.06
4.06	4.32	35	-273.35	-325613.28	1023	4.06
4.06	4.32	35	-273.35	-325613.28	1023	4.06
4.06	4.32	35	-273.35	-325613.28	1023	4.06
4.06	4.32	35	-273.35	-325613.28	1023	4.06
4.06	4.32	35	-273.35	-325613.28	1023	4.06
4.06	4.32	35	-273.35	-325613.28	1023	4.06
4.06	4.32	34	-273.35	-325993.18	1023	4.06
4.06	4.32	34	-273.35	-325993.18	1023	4.06
4.06	4.32	34	-273.35	-325993.18	1023	4.06
4.06	4.32	34	-273.35	-325993.18	1023	4.06
4.06	4.32	34	-273.35	-325993.18	1023	4.06
4.06	4.32	34	-273.35	-325993.18	1023	4.06
4.06	4.32	34	-273.35	-325993.18	1023	4.06
4.06	4.32	34	-273.35	-325993.18	1023	4.06
4.06	4.32	34	-273.35	-325993.18	1023	4.06
4.06	4.33	33	-273.35	-326372.50	1023	4.06
4.06	4.33	33	-273.35	-326372.50	1023	4.06
4.06	4.33	33	-273.35	-326372.50	1023	4.06
4.06	4.32	34	-273.35	-325993.18	1023	4.06
4.06	4.32	34	-273.35	-325993.18	1023	4.06
4.06	4.32	34	-273.35	-325993.18	1023	4.06
4.06	4.32	34	-273.35	-325993.18	1023	4.06
4.06	4.32	34	-273.35	-325993.18	1023	4.06
4.07	4.34	34	-273.35	-326322.75	1023	4.07
4.07	4.34	34	-273.35	-326322.75	1023	4.07
4.07	4.34	34	-273.35	-326322.75	1023	4.07
4.06	4.32	34	-273.35	-325993.18	1023	4.06
4.06	4.32	34	-273.35	-325993.18	1023	4.06
4.06	4.32	34	-273.35	-325993.18	1023	4.06
4.06	4.32	34	-273.35	-325993.18	1023	4.06
4.06	4.32	34	-273.35	-325993.18	1023	4.06
4.07	4.34	33	-273.35	-326700.81	1023	4.07
4.07	4.34	33	-273.35	-326700.81	1023	4.07
4.06	4.32	34	-273.35	-325993.18	1023	4.06
4.06	4.32	34	-273.35	-325993.18	1023	4.06
4.06	4.32	34	-273.35	-325993.18	1023	4.06
4.06	4.32	34	-273.35	-325993.18	1023	4.06
4.06	4.32	34	-273.35	-325993.18	1023	4.06
4.06	4.33	33	-273.35	-326372.50	1023	4.06
4.06	4.33	33	-273.35	-326372.50	1023	4.06
4.06	4.33	33	-273.35	-326372.50	1023	4.06
4.06	4.32	34	-273.35	-325993.18	1023	4.06
4.06	4.33	33	-273.35	-326372.50	1023	4.06
4.06	4.33	33	-273.35	-326372.50	1023	4.06
4.07	4.34	33	-273.35	-326700.81	1023	4.07
4.07	4.34	33	-273.35	-326700.81	1023	4.07
4.06	4.32	34	-273.35	-325993.18	1023	4.06
4.07	4.34	34	-273.35	-326322.75	1023	4.07
4.07	4.34	34	-273.35	-326322.75	1023	4.07
4.06	4.32	34	-273.35	-325993.18	1023	4.06
4.06	4.32	34	-273.35	-325993.18	1023	4.06
4.07	4.34	34	-273.35	-326322.75	1023	4.07
4.06	4.32	34	-273.35	-325993.18	1023	4.06
4.06	4.32	34	-273.35	-325993.18	1023	4.06
4.06	4.33	33	-273.35	-326372.50	1023	4.06
4.06	4.33	33	-273.35	-326372.50	1023	4.06
4.06	4.32	34	-273.35	-325993.18	1023	4.06
4.06	4.32	34	-273.35	-325993.18	1023	4.06
4.06	4.32	34	-273.35	-325993.18	1023	4.06
4.06	4.32	34	-273.35	-325993.18	1023	4.06
4.06	4.32	34	-273.35	-325993.18	1023	4.06
4.06	4.32	34	-273.35	-325993.18	1023	4.06
4.07	4.34	34	-273.35	-326322.75	1023	4.07
4.07	4.34	34	-273.35	-326322.75	1023	4.07
4.06	4.32	34	-273.35	-325993.18	1023	4.06
4.06	4.32	34	-273.35	-325993.18	1023	4.06
4.06	4.32	34	-273.35	-325993.18	1023	4.06
4.06	4.32	34	-273.35	-325993.18	1023	4.06
4.06	4.32	34	-273.35	-325993.18	1023	4.06
4.06	4.32	34	-273.35	-325993.18	1023	4.06
4.06	4.33	33	-273.35	-326372.50	1023	4.06
4.06	4.33	33	-273.35	-326372.50	1023	4.06
4.06	4.32	34	-273.35	-325993.18	1023	4.06
4.06	4.32	34	-273.35	-325993.18	1023	4.06
4.07	4.34	34	-273.35	-326322.75	1023	4.07
4.06	4.32	34	-273.35	-325993.18	1023	4.06
4.06	4.32	34	-273.35	-325993.18	1023	4.06
4.06	4.33	33	-273.35	-326372.50	1023	4.06
4.06	4.33	33	-273.35	-326372.50	1023	4.06
4.06	4.32	34	-273.35	-325993.18	1023	4.06
4.06	4.32	34	-273.35	-325993.18	1023	4.06
4.06	4.32	34	-273.35	-325993.18	1023	4.06
4.07	4.34	34	-273.35	-326322.75	1023	4.07
4.07	4.34	34	-273.35	-326322.75	1023	4.07
4.06	4.32	34	-273.35	-325993.18	1023	4.06
4.07	4.34	33	-273.35	-326700.81	1023	4.07