vdd	vair_f	air_adc	AirTemp	therm_resistance    AirDirectADC    AirDirectVolt
0.00	0.00	0	0.00	0.00	0	0.00
0.00	0.00	0	0.00	0.00	0	0.00
3.96	4.30	0	-273.35	-334770.56	1023	3.96
3.96	4.30	0	-273.35	-334770.56	1023	3.96
3.97	4.31	0	-273.35	-335063.84	1023	3.97
3.97	4.31	0	-273.35	-335063.84	1023	3.97
3.97	4.31	0	-273.35	-335063.84	1023	3.97
3.97	4.31	0	-273.35	-335063.84	1023	3.97
3.97	4.31	0	-273.35	-335063.84	1023	3.97
3.97	4.31	0	-273.35	-335063.84	1023	3.97
3.97	4.31	0	-273.35	-335063.84	1023	3.97
3.97	4.31	0	-273.35	-335063.84	1023	3.97
3.97	4.31	0	-273.35	-335063.84	1023	3.97
3.97	4.31	0	-273.35	-335063.84	1023	3.97
3.97	4.31	0	-273.35	-335063.84	1023	3.97
3.97	4.31	0	-273.35	-335063.84	1023	3.97
3.97	4.31	0	-273.35	-335063.84	1023	3.97
3.97	4.31	0	-273.35	-335063.84	1023	3.97
3.97	4.31	0	-273.35	-335063.84	1023	3.97
3.97	4.31	0	-273.35	-335063.84	1023	3.97
3.97	4.31	0	-273.35	-335063.84	1023	3.97
3.97	4.31	0	-273.35	-335063.84	1023	3.97
3.97	4.31	0	-273.35	-335063.84	1023	3.97
3.97	4.31	0	-273.35	-335063.84	1023	3.97
3.97	4.31	0	-273.35	-335063.84	1023	3.97
3.97	4.31	0	-273.35	-335063.84	1023	3.97
3.97	4.31	0	-273.35	-335063.84	1023	3.97
3.97	4.31	0	-273.35	-335063.84	1023	3.97
3.97	4.31	0	-273.35	-335063.84	1023	3.97
3.97	4.31	0	-273.35	-335063.84	1023	3.97
3.97	4.31	0	-273.35	-335063.84	1023	3.97
3.97	4.31	0	-273.35	-335063.84	1023	3.97
3.97	4.31	0	-273.35	-335063.84	1023	3.97
3.97	4.31	0	-273.35	-335063.84	1023	3.97
3.97	4.31	0	-273.35	-335063.84	1023	3.97
3.97	4.31	0	-273.35	-335063.84	1023	3.97
3.97	4.31	0	-273.35	-335063.84	1023	3.97
3.97	4.31	0	-273.35	-335063.84	1023	3.97
3.97	4.31	0	-273.35	-335063.84	1023	3.97
3.97	4.31	0	-273.35	-335063.84	1023	3.97
3.97	4.31	0	-273.35	-335063.84	1023	3.97
3.97	4.31	0	-273.35	-335063.84	1023	3.97
3.97	4.31	0	-273.35	-335063.84	1023	3.97
3.97	4.31	0	-273.35	-335063.84	1023	3.97
3.97	4.31	0	-273.35	-335063.84	1023	3.97
3.97	4.31	0	-273.35	-335063.84	1023	3.97
3.97	4.31	0	-273.35	-335063.84	1023	3.97
3.97	4.31	0	-273.35	-335063.84	1023	3.97
3.97	4.31	0	-273.35	-335063.84	1023	3.97
3.97	4.31	0	-273.35	-335063.84	1023	3.97
3.97	4.31	0	-273.35	-335063.84	1023	3.97
3.97	4.31	0	-273.35	-335063.84	1023	3.97
3.97	4.31	0	-273.35	-335063.84	1023	3.97
3.97	4.31	0	-273.35	-335063.84	1023	3.97
3.97	4.31	0	-273.35	-335063.84	904	3.51
3.97	4.00	87	-273.35	-300092.50	588	2.28
3.97	4.00	87	-273.35	-300092.50	588	2.28
3.96	3.67	179	-273.35	-256244.75	519	2.01
3.96	3.67	179	-273.35	-256244.75	519	2.01
3.96	3.61	194	-273.35	-247821.37	506	1.96
3.96	3.61	194	-273.35	-247821.37	503	1.95
3.96	3.61	194	-273.35	-247821.37	503	1.95
3.96	3.63	192	-273.35	-249484.87	507	1.96
3.96	3.63	192	-273.35	-249484.87	507	1.96
3.96	3.62	192	-273.35	-248880.75	509	1.97
3.96	2.82	418	-273.35	-95939.62	349	1.35
3.96	2.82	418	-273.35	-95939.62	349	1.35
3.96	2.19	598	8.48	104749.00	188	0.73
3.96	2.19	598	8.48	104749.00	188	0.73
3.96	2.20	597	8.75	103316.25	0	0.00
3.96	2.20	597	8.75	103316.25	0	0.00
3.96	2.20	597	8.75	103316.25	0	0.00
3.96	2.20	597	8.75	103316.25	0	0.00
3.96	2.20	597	8.75	103316.25	0	0.00
3.96	2.20	597	8.75	103316.25	0	0.00
3.96	2.20	597	8.75	103316.25	0	0.00
3.96	2.20	597	8.75	103316.25	0	0.00
3.96	2.20	597	8.75	103316.25	0	0.00
3.96	2.20	597	8.75	103316.25	0	0.00
3.96	2.20	597	8.75	103316.25	0	0.00
3.96	2.20	597	8.75	103316.25	55	0.21
3.96	2.20	597	8.75	103316.25	107	0.41
3.96	2.20	597	8.75	103316.25	107	0.41
3.96	2.20	597	8.75	103316.25	180	0.70
3.96	2.20	597	8.75	103316.25	180	0.70
3.96	2.20	597	8.75	103316.25	223	0.86
3.96	2.20	597	8.75	103316.25	223	0.86
3.96	2.63	473	-273.35	-44811.19	315	1.22
3.96	3.06	350	-273.35	-150266.81	396	1.53
3.96	3.06	350	-273.35	-150266.81	396	1.53
3.96	3.57	204	-273.35	-242462.12	499	1.93
3.96	3.57	204	-273.35	-242462.12	499	1.93
3.96	3.82	138	-273.35	-276508.09	548	2.12
3.97	4.14	49	-273.35	-316000.43	623	2.42
3.97	4.14	49	-273.35	-316000.43	623	2.42
3.97	4.06	70	-273.35	-307337.87	604	2.35
3.97	4.06	70	-273.35	-307337.87	604	2.35
3.97	4.06	71	-273.35	-306917.56	598	2.32
3.97	4.06	71	-273.35	-306917.56	602	2.34
3.97	4.06	71	-273.35	-306917.56	602	2.34
3.97	4.05	74	-273.35	-305652.25	601	2.33
3.97	4.05	74	-273.35	-305652.25	601	2.33
3.97	4.05	74	-273.35	-305652.25	597	2.32
3.97	4.05	73	-273.35	-306074.75	600	2.33
3.97	4.05	73	-273.35	-306074.75	600	2.33
3.97	4.16	42	-273.35	-318819.96	630	2.45
3.97	4.16	42	-273.35	-318819.96	630	2.45
3.97	4.31	0	-273.35	-335063.84	740	2.87
3.97	4.31	0	-273.35	-335063.84	827	3.21
3.97	4.31	0	-273.35	-335063.84	827	3.21
3.97	4.31	0	-273.35	-335063.84	1023	3.97
3.97	4.31	0	-273.35	-335063.84	1023	3.97
3.97	4.31	0	-273.35	-335063.84	1023	3.97
3.97	4.31	0	-273.35	-335063.84	1023	3.97
3.97	4.31	0	-273.35	-335063.84	1023	3.97
3.97	4.31	0	-273.35	-335063.84	1023	3.97
3.97	4.31	0	-273.35	-335063.84	1023	3.97
3.97	4.31	0	-273.35	-335063.84	1023	3.97
3.97	4.31	0	-273.35	-335063.84	936	3.63
3.97	4.31	0	-273.35	-335063.84	936	3.63
3.97	4.31	0	-273.35	-335063.84	881	3.42
3.97	4.31	0	-273.35	-335063.84	881	3.42
3.97	4.31	0	-273.35	-335063.84	721	2.80
3.97	4.31	0	-273.35	-335063.84	721	2.80
3.97	4.02	83	-273.35	-301816.59	593	2.30
3.97	4.02	84	-273.35	-301386.68	588	2.28
3.97	4.02	84	-273.35	-301386.68	588	2.28
3.97	4.01	86	-273.35	-300524.65	591	2.29
3.97	4.00	87	-273.35	-300092.50	588	2.28
3.97	4.00	87	-273.35	-300092.50	588	2.28
3.96	2.99	372	-273.35	-133638.18	381	1.47
3.96	2.99	372	-273.35	-133638.18	381	1.47
3.96	2.65	468	-273.35	-49766.25	317	1.23
3.96	2.55	496	-273.35	-21142.56	299	1.16
3.96	2.55	496	-273.35	-21142.56	299	1.16
3.96	2.56	494	-273.35	-23259.81	299	1.16
3.96	2.56	494	-273.35	-23259.81	299	1.16
3.96	2.56	494	-273.35	-23259.81	300	1.16
3.96	2.56	494	-273.35	-23259.81	300	1.16
3.96	2.20	597	8.75	103316.25	104	0.40
3.96	2.20	597	8.75	103316.25	0	0.00
3.96	2.20	597	8.75	103316.25	0	0.00
3.96	2.20	597	8.75	103316.25	0	0.00
3.96	2.20	597	8.75	103316.25	0	0.00
3.96	2.20	597	8.75	103316.25	0	0.00
3.96	2.20	597	8.75	103316.25	0	0.00
3.96	2.20	597	8.75	103316.25	0	0.00
3.96	2.20	597	8.75	103316.25	201	0.78
3.96	2.20	597	8.75	103316.25	201	0.78
3.96	3.00	368	-273.35	-136725.12	384	1.49
3.96	3.00	368	-273.35	-136725.12	384	1.49
3.96	3.31	279	-273.35	-198656.06	445	1.72
3.96	3.34	272	-273.35	-203036.43	447	1.73
3.96	3.34	272	-273.35	-203036.43	447	1.73
3.96	3.34	272	-273.35	-203036.43	451	1.74
3.96	3.34	272	-273.35	-203036.43	451	1.74
3.96	3.34	272	-273.35	-203036.43	449	1.74
3.96	3.34	272	-273.35	-203036.43	451	1.74
3.96	3.34	272	-273.35	-203036.43	451	1.74
3.96	3.34	272	-273.35	-203036.43	450	1.74
3.96	3.34	272	-273.35	-203036.43	450	1.74
3.97	4.02	82	-273.35	-302245.75	596	2.31
3.97	4.31	0	-273.35	-335063.84	720	2.80
3.97	4.31	0	-273.35	-335063.84	720	2.80
3.97	4.31	0	-273.35	-335063.84	1023	3.97
3.97	4.31	0	-273.35	-335063.84	1023	3.97
3.97	4.31	0	-273.35	-335063.84	1023	3.97
3.97	4.31	0	-273.35	-335063.84	1023	3.97
3.97	4.31	0	-273.35	-335063.84	1023	3.97
3.97	4.31	0	-273.35	-335063.84	1023	3.97
3.97	4.31	0	-273.35	-335063.84	1023	3.97
3.97	4.31	0	-273.35	-335063.84	1019	3.96
3.97	4.31	0	-273.35	-335063.84	906	3.52
3.97	4.31	0	-273.35	-335063.84	906	3.52
3.97	4.31	0	-273.35	-335063.84	780	3.03
3.97	4.31	0	-273.35	-335063.84	780	3.03
3.97	3.97	96	-273.35	-296168.78	582	2.26
3.97	3.96	101	-273.35	-293961.96	577	2.24
3.97	3.96	101	-273.35	-293961.96	577	2.24
3.96	3.70	172	-273.35	-259815.75	518	2.01
3.96	3.70	172	-273.35	-259815.75	518	2.01
3.96	2.81	421	-273.35	-93331.18	349	1.35
3.96	2.76	436	-273.35	-79991.31	339	1.31
3.96	2.76	436	-273.35	-79991.31	339	1.31
3.96	2.79	429	-273.35	-86279.18	345	1.33
3.96	2.79	429	-273.35	-86279.18	345	1.33
3.96	2.79	427	-273.35	-88055.43	345	1.33
3.96	2.36	550	27.77	40766.37	260	1.01
3.96	2.36	550	27.77	40766.37	260	1.01
3.96	2.20	597	8.75	103316.25	0	0.00
3.96	2.20	597	8.75	103316.25	0	0.00
3.96	2.20	597	8.75	103316.25	0	0.00
3.96	2.20	597	8.75	103316.25	0	0.00
3.96	2.20	597	8.75	103316.25	0	0.00
3.96	2.20	597	8.75	103316.25	0	0.00
3.96	2.20	597	8.75	103316.25	19	0.07
3.96	2.20	597	8.75	103316.25	128	0.50
3.96	2.20	597	8.75	103316.25	128	0.50
3.96	3.43	245	-273.35	-219345.68	469	1.81
3.96	3.43	245	-273.35	-219345.68	469	1.81
3.96	3.44	243	-273.35	-220518.12	473	1.83
3.96	3.44	243	-273.35	-220518.12	470	1.82
3.96	3.44	243	-273.35	-220518.12	470	1.82
3.96	3.44	243	-273.35	-220518.12	472	1.83
3.96	3.44	243	-273.35	-220518.12	472	1.83
3.96	3.44	243	-273.35	-220518.12	471	1.82
3.96	3.44	243	-273.35	-220518.12	472	1.83
3.96	3.44	243	-273.35	-220518.12	472	1.83
3.96	3.53	215	-273.35	-236444.37	494	1.91
3.96	3.53	215	-273.35	-236444.37	494	1.91
3.97	4.31	0	-273.35	-335063.84	971	3.77
3.97	4.31	0	-273.35	-335063.84	1023	3.97
3.97	4.31	0	-273.35	-335063.84	1023	3.97
3.97	4.31	0	-273.35	-335063.84	1023	3.97
3.97	4.31	0	-273.35	-335063.84	1023	3.97
3.97	4.31	0	-273.35	-335063.84	1023	3.97
3.97	4.31	0	-273.35	-335063.84	1023	3.97
3.97	4.31	0	-273.35	-335063.84	1023	3.97
3.97	4.31	0	-273.35	-335063.84	1023	3.97
3.97	4.31	0	-273.35	-335063.84	1023	3.97
3.97	4.31	0	-273.35	-335063.84	1023	3.97
3.97	4.31	0	-273.35	-335063.84	949	3.68
3.97	4.31	0	-273.35	-335063.84	949	3.68
3.97	4.31	0	-273.35	-335063.84	742	2.88
3.97	4.31	0	-273.35	-335063.84	742	2.88
3.97	3.97	96	-273.35	-296168.78	580	2.25
3.96	3.73	162	-273.35	-264835.75	530	2.05
3.96	3.73	162	-273.35	-264835.75	530	2.05
3.96	3.73	162	-273.35	-264835.75	528	2.05
3.96	3.73	162	-273.35	-264835.75	528	2.05
3.96	3.73	163	-273.35	-264338.00	527	2.04
3.96	3.73	163	-273.35	-264338.00	528	2.05
3.96	3.73	163	-273.35	-264338.00	528	2.05
3.96	3.73	163	-273.35	-264338.00	529	2.05
3.96	3.73	163	-273.35	-264338.00	529	2.05
3.96	3.73	163	-273.35	-264338.00	529	2.05
3.96	2.31	564	20.17	58468.12	253	0.98
3.96	2.31	564	20.17	58468.12	253	0.98
3.96	2.20	597	8.75	103316.25	0	0.00
3.96	2.20	597	8.75	103316.25	0	0.00
3.96	2.20	597	8.75	103316.25	0	0.00
3.96	2.20	597	8.75	103316.25	0	0.00
3.96	2.20	597	8.75	103316.25	0	0.00
3.96	2.20	597	8.75	103316.25	0	0.00
3.96	2.20	597	8.75	103316.25	24	0.09
3.96	2.20	597	8.75	103316.25	207	0.80
3.96	2.20	597	8.75	103316.25	207	0.80
3.96	3.65	186	-273.35	-252625.75	510	1.98
3.96	3.65	186	-273.35	-252625.75	510	1.98
3.96	3.65	185	-273.35	-253145.75	508	1.97
3.96	3.65	185	-273.35	-253145.75	512	1.98
3.96	3.65	185	-273.35	-253145.75	512	1.98
3.96	3.65	186	-273.35	-252625.75	512	1.98
3.96	3.65	186	-273.35	-252625.75	512	1.98
3.96	3.64	187	-273.35	-252104.81	511	1.98
3.96	3.65	186	-273.35	-252625.75	512	1.98
3.96	3.65	186	-273.35	-252625.75	512	1.98
3.97	4.31	0	-273.35	-335063.84	872	3.39
3.97	4.31	0	-273.35	-335063.84	872	3.39
3.97	4.31	0	-273.35	-335063.84	1023	3.97
3.97	4.31	0	-273.35	-335063.84	1023	3.97
3.97	4.31	0	-273.35	-335063.84	1023	3.97
3.97	4.31	0	-273.35	-335063.84	1023	3.97
3.97	4.31	0	-273.35	-335063.84	1023	3.97
3.97	4.31	0	-273.35	-335063.84	908	3.53
3.97	4.31	0	-273.35	-335063.84	778	3.02
3.97	4.31	0	-273.35	-335063.84	778	3.02
3.96	3.86	124	-273.35	-283082.56	559	2.17
3.96	3.86	124	-273.35	-283082.56	559	2.17
3.96	3.87	123	-273.35	-283545.87	559	2.17
3.96	3.87	123	-273.35	-283545.87	556	2.15
3.96	3.87	123	-273.35	-283545.87	556	2.15
3.96	3.86	124	-273.35	-283082.56	557	2.16
3.96	3.86	124	-273.35	-283082.56	557	2.16
3.96	3.28	289	-273.35	-192284.87	436	1.69
3.96	3.26	293	-273.35	-189698.06	433	1.67
3.96	3.26	293	-273.35	-189698.06	433	1.67
3.96	3.26	293	-273.35	-189698.06	437	1.69
3.96	3.26	293	-273.35	-189698.06	437	1.69
3.96	3.21	309	-273.35	-179125.06	426	1.65
3.96	3.05	354	-273.35	-147305.93	395	1.53
3.96	3.05	354	-273.35	-147305.93	395	1.53
3.96	3.05	353	-273.35	-148048.68	394	1.52
3.96	3.05	353	-273.35	-148048.68	394	1.52
3.96	3.05	353	-273.35	-148048.68	395	1.53
3.96	3.05	353	-273.35	-148048.68	394	1.52
3.96	3.05	353	-273.35	-148048.68	394	1.52
3.96	2.94	386	-273.35	-122602.31	369	1.43
3.96	2.20	597	8.75	103316.25	158	0.61
3.96	2.20	597	8.75	103316.25	158	0.61
3.96	2.20	597	8.75	103316.25	0	0.00
3.96	2.20	597	8.75	103316.25	0	0.00
3.96	2.20	597	8.75	103316.25	0	0.00
3.96	2.20	597	8.75	103316.25	0	0.00
3.96	2.20	597	8.75	103316.25	0	0.00
3.96	2.20	597	8.75	103316.25	0	0.00
3.96	2.20	597	8.75	103316.25	0	0.00
3.96	2.20	597	8.75	103316.25	0	0.00
3.96	2.20	597	8.75	103316.25	0	0.00
3.96	2.20	597	8.75	103316.25	0	0.00
3.96	2.20	597	8.75	103316.25	0	0.00
3.96	2.20	597	8.75	103316.25	0	0.00
3.96	2.20	597	8.75	103316.25	0	0.00
3.96	2.20	597	8.75	103316.25	0	0.00
3.96	2.20	597	8.75	103316.25	0	0.00
3.96	2.20	596	9.02	101888.12	0	0.00
3.96	2.20	596	9.02	101888.12	0	0.00
3.96	2.20	597	8.75	103316.25	0	0.00
3.96	2.20	596	9.02	101888.12	0	0.00
3.96	2.20	596	9.02	101888.12	0	0.00
3.96	2.20	596	9.02	101888.12	0	0.00
3.96	2.20	596	9.02	101888.12	0	0.00
3.96	2.20	597	8.75	103316.25	0	0.00
3.96	2.20	597	8.75	103316.25	0	0.00
3.96	2.20	596	9.02	101888.12	0	0.00
3.96	2.20	596	9.02	101888.12	0	0.00
3.96	2.20	597	8.75	103316.25	0	0.00
3.96	2.20	597	8.75	103316.25	0	0.00
3.96	2.20	597	8.75	103316.25	0	0.00
3.96	2.20	596	9.02	101888.12	0	0.00
3.96	2.20	596	9.02	101888.12	0	0.00
3.96	2.20	596	9.02	101888.12	0	0.00
3.96	2.20	596	9.02	101888.12	0	0.00
3.96	2.20	596	9.02	101888.12	0	0.00
3.96	2.20	596	9.02	101888.12	0	0.00
3.96	2.20	596	9.02	101888.12	0	0.00
3.96	2.20	596	9.02	101888.12	0	0.00
3.96	2.20	597	8.75	103316.25	0	0.00
3.96	2.20	596	9.02	101888.12	0	0.00
3.96	2.20	596	9.02	101888.12	0	0.00
3.96	2.20	596	9.02	101888.12	0	0.00
3.96	2.20	596	9.02	101888.12	0	0.00
3.96	2.20	596	9.02	101888.12	0	0.00
3.96	2.20	596	9.02	101888.12	0	0.00
3.96	2.20	596	9.02	101888.12	0	0.00
3.96	2.20	596	9.02	101888.12	0	0.00
3.96	2.20	596	9.02	101888.12	0	0.00
3.96	2.20	596	9.02	101888.12	0	0.00
3.96	2.20	596	9.02	101888.12	0	0.00
3.96	2.20	596	9.02	101888.12	0	0.00
3.96	2.20	596	9.02	101888.12	0	0.00
3.96	2.20	596	9.02	101888.12	0	0.00
3.96	2.20	596	9.02	101888.12	0	0.00
3.96	2.20	596	9.02	101888.12	0	0.00
3.96	2.20	596	9.02	101888.12	0	0.00
3.96	2.20	596	9.02	101888.12	0	0.00
3.96	2.20	596	9.02	101888.12	0	0.00
3.96	2.20	596	9.02	101888.12	0	0.00
3.96	2.20	596	9.02	101888.12	0	0.00
3.96	2.20	596	9.02	101888.12	0	0.00
3.96	2.20	596	9.02	101888.12	0	0.00
3.96	2.20	596	9.02	101888.12	0	0.00
3.96	2.20	596	9.02	101888.12	0	0.00
3.96	2.20	596	9.02	101888.12	0	0.00
3.96	2.20	596	9.02	101888.12	0	0.00
3.96	2.20	596	9.02	101888.12	0	0.00
3.96	2.20	596	9.02	101888.12	0	0.00
3.96	2.20	596	9.02	101888.12	0	0.00
3.96	2.20	596	9.02	101888.12	0	0.00
3.96	2.20	596	9.02	101888.12	0	0.00
3.96	2.20	596	9.02	101888.12	0	0.00
3.96	2.20	596	9.02	101888.12	0	0.00
3.96	2.20	596	9.02	101888.12	0	0.00
3.96	2.20	596	9.02	101888.12	0	0.00
3.96	2.20	596	9.02	101888.12	0	0.00
3.96	2.20	596	9.02	101888.12	0	0.00
3.96	2.20	596	9.02	101888.12	0	0.00
3.96	2.20	596	9.02	101888.12	0	0.00
3.96	2.20	596	9.02	101888.12	0	0.00
3.96	2.20	596	9.02	101888.12	0	0.00
3.96	2.20	596	9.02	101888.12	0	0.00
3.96	2.20	596	9.02	101888.12	0	0.00
3.96	2.20	596	9.02	101888.12	0	0.00
3.96	2.20	596	9.02	101888.12	0	0.00
3.96	2.20	596	9.02	101888.12	0	0.00
3.96	2.20	596	9.02	101888.12	0	0.00
3.96	2.20	596	9.02	101888.12	0	0.00
3.96	2.20	596	9.02	101888.12	0	0.00
3.96	2.20	596	9.02	101888.12	0	0.00
3.96	2.20	596	9.02	101888.12	0	0.00
3.96	2.20	596	9.02	101888.12	0	0.00
3.96	2.20	596	9.02	101888.12	0	0.00
3.96	2.20	596	9.02	101888.12	0	0.00
3.96	2.20	596	9.02	101888.12	0	0.00
3.96	2.20	596	9.02	101888.12	0	0.00
3.96	2.20	596	9.02	101888.12	0	0.00
3.96	2.20	596	9.02	101888.12	0	0.00
3.96	2.20	596	9.02	101888.12	0	0.00
3.96	2.20	596	9.02	101888.12	0	0.00
3.96	2.20	596	9.02	101888.12	0	0.00
3.96	2.20	596	9.02	101888.12	0	0.00
3.96	2.20	596	9.02	101888.12	0	0.00
3.96	2.20	596	9.02	101888.12	0	0.00
3.96	2.20	596	9.02	101888.12	0	0.00
4.06	2.27	618	9.95	97178.87	0	0.00
4.06	2.27	618	9.95	97178.87	0	0.00
4.06	2.27	618	9.95	97178.87	0	0.00
4.15	2.34	638	11.21	91130.25	0	0.00
4.15	2.34	638	11.21	91130.25	0	0.00
4.15	2.34	638	11.21	91130.25	0	0.00
4.15	2.34	638	11.21	91130.25	0	0.00
4.15	2.34	638	11.21	91130.25	0	0.00
4.15	2.34	638	11.21	91130.25	0	0.00
4.15	2.34	638	11.21	91130.25	0	0.00
4.15	2.34	638	11.21	91130.25	0	0.00
4.25	2.42	657	13.15	82649.50	0	0.00
4.25	2.42	657	13.15	82649.50	0	0.00
4.25	2.41	657	12.49	85418.25	0	0.00
4.25	2.42	657	13.15	82649.50	0	0.00
4.25	2.42	657	13.15	82649.50	0	0.00
4.25	2.42	657	13.15	82649.50	0	0.00
4.25	2.42	657	13.15	82649.50	0	0.00
4.25	2.42	657	13.15	82649.50	0	0.00
4.25	2.42	657	13.15	82649.50	0	0.00
4.25	2.42	657	13.15	82649.50	0	0.00
4.25	2.42	657	13.15	82649.50	0	0.00
4.25	2.42	657	13.15	82649.50	0	0.00
4.25	2.42	657	13.15	82649.50	0	0.00
4.25	2.42	657	13.15	82649.50	0	0.00
4.25	2.42	657	13.15	82649.50	0	0.00
4.25	2.42	657	13.15	82649.50	0	0.00
4.25	2.42	657	13.15	82649.50	0	0.00
4.25	2.42	657	13.15	82649.50	0	0.00
4.06	2.27	617	10.23	95804.62	0	0.00
4.06	2.27	617	10.23	95804.62	0	0.00
4.06	2.27	617	10.23	95804.62	0	0.00
4.06	2.27	617	10.23	95804.62	0	0.00
4.06	2.27	617	10.23	95804.62	0	0.00
4.15	2.34	638	11.21	91130.25	0	0.00
4.15	2.34	638	11.21	91130.25	0	0.00
4.15	2.34	638	11.21	91130.25	0	0.00
4.15	2.34	638	11.21	91130.25	0	0.00
4.15	2.34	638	11.21	91130.25	0	0.00
4.15	2.34	638	11.21	91130.25	0	0.00
4.15	2.34	638	11.21	91130.25	0	0.00
4.15	2.34	638	11.21	91130.25	0	0.00
4.15	2.34	638	11.21	91130.25	0	0.00
4.15	2.34	638	11.21	91130.25	0	0.00
4.15	2.34	638	11.21	91130.25	0	0.00
4.15	2.34	638	11.21	91130.25	0	0.00
4.15	2.34	638	11.21	91130.25	0	0.00
4.15	2.34	638	11.21	91130.25	0	0.00
4.15	2.34	638	11.21	91130.25	0	0.00
4.15	2.34	638	11.21	91130.25	0	0.00
4.15	2.34	638	11.21	91130.25	0	0.00
4.15	2.34	638	11.21	91130.25	0	0.00
4.15	2.34	638	11.21	91130.25	0	0.00
4.15	2.34	638	11.21	91130.25	0	0.00
4.15	2.34	638	11.21	91130.25	0	0.00
4.15	2.34	638	11.21	91130.25	0	0.00
4.15	2.34	638	11.21	91130.25	0	0.00
4.15	2.34	638	11.21	91130.25	0	0.00
4.15	2.34	638	11.21	91130.25	0	0.00
4.15	2.34	638	11.21	91130.25	0	0.00
4.15	2.34	637	11.50	89805.93	0	0.00
4.15	2.34	637	11.50	89805.93	0	0.00
4.15	2.34	637	11.50	89805.93	0	0.00
4.15	2.34	637	11.50	89805.93	0	0.00
4.15	2.34	637	11.50	89805.93	0	0.00
4.15	2.34	638	11.21	91130.25	0	0.00
4.15	2.34	638	11.21	91130.25	0	0.00
4.15	2.34	638	11.21	91130.25	0	0.00
4.15	2.34	638	11.21	91130.25	0	0.00
4.15	2.34	637	11.50	89805.93	0	0.00
4.15	2.34	637	11.50	89805.93	0	0.00
4.15	2.34	637	11.50	89805.93	0	0.00
4.15	2.34	637	11.50	89805.93	0	0.00
4.15	2.34	637	11.50	89805.93	0	0.00
4.15	2.34	637	11.50	89805.93	0	0.00
4.15	2.34	637	11.50	89805.93	0	0.00
4.15	2.34	637	11.50	89805.93	2	0.01
4.15	2.34	637	11.50	89805.93	2	0.01
4.15	2.34	637	11.50	89805.93	7	0.03
4.15	2.34	637	11.50	89805.93	7	0.03
4.15	2.34	638	11.21	91130.25	3	0.01
4.15	2.34	638	11.21	91130.25	3	0.01
4.15	2.34	637	11.50	89805.93	129	0.52
4.15	2.34	637	11.50	89805.93	129	0.52
4.15	2.34	637	11.50	89805.93	159	0.65
4.15	2.86	489	-273.35	-70448.06	321	1.30
4.15	2.86	489	-273.35	-70448.06	321	1.30
4.16	3.93	187	-273.35	-266529.12	530	2.16
4.16	3.93	187	-273.35	-266529.12	530	2.16
4.17	4.14	130	-273.35	-292526.50	570	2.32
4.17	4.15	128	-273.35	-293374.56	573	2.34
4.17	4.15	128	-273.35	-293374.56	573	2.34
4.17	4.15	127	-273.35	-293797.53	571	2.33
4.17	4.15	127	-273.35	-293797.53	571	2.33
4.17	4.15	128	-273.35	-293374.56	573	2.34
4.17	4.15	128	-273.35	-293374.56	569	2.32
4.17	4.15	128	-273.35	-293374.56	569	2.32
4.17	4.14	129	-273.35	-292950.87	570	2.32
4.17	4.14	130	-273.35	-292526.50	572	2.33
4.17	4.14	130	-273.35	-292526.50	572	2.33
4.17	4.14	129	-273.35	-292950.87	573	2.34
4.17	4.14	129	-273.35	-292950.87	573	2.34
4.17	4.60	0	-273.35	-342276.75	725	2.95
4.17	4.60	0	-273.35	-342276.75	832	3.39
4.17	4.60	0	-273.35	-342276.75	832	3.39
4.17	4.60	0	-273.35	-342276.75	1023	4.17
4.17	4.60	0	-273.35	-342276.75	1023	4.17
4.17	4.60	0	-273.35	-342276.75	1023	4.17
4.17	4.60	0	-273.35	-342276.75	1023	4.17
4.17	4.60	0	-273.35	-342276.75	1023	4.17
4.17	4.60	0	-273.35	-342276.75	1023	4.17
4.17	4.60	0	-273.35	-342276.75	1023	4.17
4.17	4.60	0	-273.35	-342276.75	1023	4.17
4.17	4.60	0	-273.35	-342276.75	865	3.53
4.17	4.60	0	-273.35	-342276.75	865	3.53
4.17	4.07	151	-273.35	-283445.62	555	2.26
4.17	4.07	151	-273.35	-283445.62	555	2.26
4.15	3.70	249	-273.35	-234939.93	484	1.96
4.15	3.61	276	-273.35	-220260.93	468	1.90
4.15	3.61	276	-273.35	-220260.93	468	1.90
4.15	3.61	275	-273.35	-220818.31	467	1.90
4.15	3.61	275	-273.35	-220818.31	467	1.90
4.15	3.61	274	-273.35	-221374.62	469	1.90
4.15	3.62	273	-273.35	-221929.87	468	1.90
4.15	3.62	273	-273.35	-221929.87	468	1.90
4.15	3.62	273	-273.35	-221929.87	468	1.90
4.15	3.62	273	-273.35	-221929.87	468	1.90
4.15	3.61	276	-273.35	-220260.93	464	1.88
4.15	2.34	638	11.21	91130.25	0	0.00
4.15	2.34	638	11.21	91130.25	0	0.00
4.15	2.34	638	11.21	91130.25	0	0.00
4.15	2.34	638	11.21	91130.25	0	0.00
4.15	2.34	638	11.21	91130.25	0	0.00
4.15	2.34	638	11.21	91130.25	0	0.00
4.15	2.34	638	11.21	91130.25	0	0.00
4.15	2.34	638	11.21	91130.25	0	0.00
4.15	2.34	638	11.21	91130.25	10	0.04
4.15	2.38	626	14.96	75496.12	232	0.94
4.15	2.38	626	14.96	75496.12	232	0.94
4.15	3.55	291	-273.35	-211768.50	454	1.84
4.15	3.55	291	-273.35	-211768.50	454	1.84
4.16	3.92	189	-273.35	-265585.87	528	2.15
4.16	3.92	190	-273.35	-265113.06	526	2.14
4.16	3.92	190	-273.35	-265113.06	526	2.14
4.16	3.92	190	-273.35	-265113.06	528	2.15
4.16	3.92	190	-273.35	-265113.06	528	2.15
4.16	3.92	190	-273.35	-265113.06	526	2.14
4.16	3.92	189	-273.35	-265585.87	527	2.14
4.16	3.92	189	-273.35	-265585.87	527	2.14
4.17	4.32	80	-273.35	-312902.75	613	2.50
4.17	4.32	80	-273.35	-312902.75	613	2.50
4.17	4.60	0	-273.35	-342276.75	1023	4.17
4.17	4.60	0	-273.35	-342276.75	1023	4.17
4.17	4.60	0	-273.35	-342276.75	1023	4.17
4.17	4.60	0	-273.35	-342276.75	1023	4.17
4.17	4.60	0	-273.35	-342276.75	1023	4.17
4.17	4.60	0	-273.35	-342276.75	1023	4.17
4.17	4.55	12	-273.35	-338100.96	673	2.74
4.17	4.55	12	-273.35	-338100.96	673	2.74
4.16	3.87	203	-273.35	-258887.87	516	2.10
4.16	3.87	203	-273.35	-258887.87	516	2.10
4.15	3.50	306	-273.35	-203021.37	445	1.81
4.15	3.50	305	-273.35	-203612.62	444	1.80
4.15	3.50	305	-273.35	-203612.62	444	1.80
4.15	3.50	305	-273.35	-203612.62	444	1.80
4.15	3.50	305	-273.35	-203612.62	444	1.80
4.15	3.50	305	-273.35	-203612.62	446	1.81
4.15	2.48	599	27.00	42259.25	241	0.98
4.15	2.48	599	27.00	42259.25	241	0.98
4.15	2.34	638	11.21	91130.25	0	0.00
4.15	2.34	638	11.21	91130.25	0	0.00
4.15	2.34	638	11.21	91130.25	0	0.00
4.15	2.34	638	11.21	91130.25	0	0.00
4.15	2.34	638	11.21	91130.25	0	0.00
4.15	2.34	637	11.50	89805.93	10	0.04
4.15	2.34	637	11.50	89805.93	10	0.04
4.15	3.43	327	-273.35	-190325.06	432	1.75
4.15	3.43	327	-273.35	-190325.06	432	1.75
4.16	3.84	212	-273.35	-254491.81	509	2.07
4.16	3.84	212	-273.35	-254491.81	509	2.07
4.16	3.84	212	-273.35	-254491.81	512	2.08
4.16	3.84	211	-273.35	-254983.81	511	2.08
4.16	3.84	211	-273.35	-254983.81	511	2.08
4.16	3.84	212	-273.35	-254491.81	510	2.07
4.16	3.84	211	-273.35	-254983.81	512	2.08
4.16	3.84	211	-273.35	-254983.81	512	2.08
4.16	3.84	211	-273.35	-254983.81	509	2.07
4.16	3.84	211	-273.35	-254983.81	509	2.07
4.17	4.21	111	-273.35	-300469.18	586	2.39
4.17	4.44	45	-273.35	-326209.96	642	2.62
4.17	4.44	45	-273.35	-326209.96	642	2.62
4.17	4.60	0	-273.35	-342276.75	776	3.16
4.17	4.60	0	-273.35	-342276.75	776	3.16
4.17	4.60	0	-273.35	-342276.75	1023	4.17
4.17	4.60	0	-273.35	-342276.75	1023	4.17
4.17	4.60	0	-273.35	-342276.75	1023	4.17
4.17	4.60	0	-273.35	-342276.75	1023	4.17
4.17	4.60	0	-273.35	-342276.75	1023	4.17
4.17	4.60	0	-273.35	-342276.75	1023	4.17
4.17	4.60	0	-273.35	-342276.75	1023	4.17
4.17	4.60	0	-273.35	-342276.75	1023	4.17
4.17	4.60	0	-273.35	-342276.75	1023	4.17
4.17	4.60	0	-273.35	-342276.75	1023	4.17
4.17	4.60	0	-273.35	-342276.75	986	4.02
4.17	4.60	0	-273.35	-342276.75	911	3.71
4.17	4.60	0	-273.35	-342276.75	911	3.71
4.17	4.60	0	-273.35	-342276.75	854	3.48
4.17	4.60	0	-273.35	-342276.75	854	3.48
4.17	4.60	0	-273.35	-342276.75	740	3.02
4.17	4.60	0	-273.35	-342276.75	740	3.02
4.17	4.50	28	-273.35	-332411.90	661	2.69
4.17	4.34	74	-273.35	-315237.37	616	2.51
4.17	4.34	74	-273.35	-315237.37	616	2.51
4.17	4.34	74	-273.35	-315237.37	616	2.51
4.17	4.34	74	-273.35	-315237.37	616	2.51
4.17	4.34	74	-273.35	-315237.37	615	2.51
4.17	4.34	74	-273.35	-315237.37	618	2.52
4.17	4.34	74	-273.35	-315237.37	618	2.52
4.17	4.34	74	-273.35	-315237.37	615	2.51
4.17	4.34	74	-273.35	-315237.37	615	2.51
4.17	4.34	74	-273.35	-315237.37	620	2.53
4.17	4.34	74	-273.35	-315237.37	615	2.51
4.17	4.34	74	-273.35	-315237.37	615	2.51
4.17	4.34	74	-273.35	-315237.37	617	2.51
4.17	4.34	74	-273.35	-315237.37	617	2.51
4.17	4.34	74	-273.35	-315237.37	617	2.51
4.17	4.34	73	-273.35	-315624.28	616	2.51
4.17	4.34	73	-273.35	-315624.28	616	2.51
4.17	4.34	74	-273.35	-315237.37	616	2.51
4.17	4.34	74	-273.35	-315237.37	616	2.51
4.17	4.34	73	-273.35	-315624.28	619	2.52
4.17	4.34	73	-273.35	-315624.28	616	2.51
4.17	4.34	73	-273.35	-315624.28	616	2.51
4.17	4.34	73	-273.35	-315624.28	616	2.51
4.17	4.34	73	-273.35	-315624.28	616	2.51
4.17	4.34	73	-273.35	-315624.28	619	2.52
4.17	4.34	73	-273.35	-315624.28	618	2.52
4.17	4.34	73	-273.35	-315624.28	618	2.52
4.17	4.34	73	-273.35	-315624.28	616	2.51
4.17	4.34	73	-273.35	-315624.28	616	2.51
4.17	4.29	88	-273.35	-309754.34	603	2.46
4.17	4.12	137	-273.35	-289535.56	568	2.31
4.17	4.12	137	-273.35	-289535.56	568	2.31
4.16	3.97	175	-273.35	-272118.68	536	2.18
4.16	3.97	175	-273.35	-272118.68	536	2.18
4.15	3.27	372	-273.35	-161196.50	398	1.62
4.15	2.84	495	-273.35	-65088.50	318	1.29
4.15	2.84	495	-273.35	-65088.50	318	1.29
4.15	2.34	638	11.21	91130.25	0	0.00
4.15	2.34	638	11.21	91130.25	0	0.00
4.15	2.34	638	11.21	91130.25	0	0.00
4.15	2.34	638	11.21	91130.25	0	0.00
4.15	2.34	638	11.21	91130.25	0	0.00
4.15	2.34	637	11.50	89805.93	0	0.00
4.15	2.34	637	11.50	89805.93	0	0.00
4.15	2.34	637	11.50	89805.93	0	0.00
4.15	2.34	637	11.50	89805.93	0	0.00
4.15	2.34	638	11.21	91130.25	0	0.00
4.15	2.34	638	11.21	91130.25	0	0.00
4.15	2.34	637	11.50	89805.93	131	0.53
4.15	2.34	637	11.50	89805.93	131	0.53
4.15	3.73	240	-273.35	-239667.81	494	2.01
4.17	4.16	125	-273.35	-294641.28	574	2.34
4.17	4.16	125	-273.35	-294641.28	574	2.34
4.17	4.20	113	-273.35	-299644.96	585	2.38
4.17	4.20	113	-273.35	-299644.96	585	2.38
4.17	4.20	113	-273.35	-299644.96	588	2.40
4.17	4.20	113	-273.35	-299644.96	585	2.38
4.17	4.20	113	-273.35	-299644.96	585	2.38
4.17	4.20	113	-273.35	-299644.96	581	2.37
4.17	4.38	62	-273.35	-319839.43	629	2.56
4.17	4.38	62	-273.35	-319839.43	629	2.56
4.17	4.60	0	-273.35	-342276.75	1023	4.17
4.17	4.60	0	-273.35	-342276.75	1023	4.17
4.17	4.60	0	-273.35	-342276.75	1023	4.17
4.17	4.60	0	-273.35	-342276.75	1023	4.17
4.17	4.60	0	-273.35	-342276.75	1023	4.17
4.17	4.60	0	-273.35	-342276.75	1023	4.17
4.17	4.60	0	-273.35	-342276.75	1023	4.17
4.17	4.60	0	-273.35	-342276.75	981	4.00
4.17	4.60	0	-273.35	-342276.75	780	3.18
4.17	4.60	0	-273.35	-342276.75	780	3.18
4.17	4.60	0	-273.35	-342276.75	737	3.00
4.17	4.60	0	-273.35	-342276.75	737	3.00
4.17	4.21	111	-273.35	-300469.18	583	2.38
4.17	4.21	111	-273.35	-300469.18	583	2.38
4.17	4.18	118	-273.35	-297572.34	580	2.36
4.17	4.18	118	-273.35	-297572.34	579	2.36
4.17	4.18	118	-273.35	-297572.34	579	2.36
4.17	4.18	118	-273.35	-297572.34	582	2.37
4.16	3.77	232	-273.35	-244459.75	496	2.02
4.16	3.77	232	-273.35	-244459.75	496	2.02
4.15	3.31	360	-273.35	-169235.06	407	1.65
4.15	3.31	360	-273.35	-169235.06	407	1.65
4.15	3.46	318	-273.35	-195832.37	437	1.77
4.15	3.46	318	-273.35	-195832.37	436	1.77
4.15	3.46	318	-273.35	-195832.37	436	1.77
4.15	3.46	319	-273.35	-195225.37	435	1.77
4.15	3.46	319	-273.35	-195225.37	435	1.77
4.15	3.46	318	-273.35	-195832.37	436	1.77
4.15	2.85	492	-273.35	-67778.25	316	1.28
4.15	2.85	492	-273.35	-67778.25	316	1.28
4.15	2.34	638	11.21	91130.25	0	0.00
4.15	2.34	638	11.21	91130.25	0	0.00
4.15	2.34	638	11.21	91130.25	0	0.00
4.15	2.34	638	11.21	91130.25	0	0.00
4.15	2.34	638	11.21	91130.25	0	0.00
4.15	2.34	638	11.21	91130.25	0	0.00
4.15	2.34	638	11.21	91130.25	0	0.00
4.15	2.34	638	11.21	91130.25	80	0.32
4.15	2.34	638	11.21	91130.25	80	0.32
4.15	2.35	636	11.79	88485.62	226	0.92
4.15	2.35	636	11.79	88485.62	226	0.92
4.16	3.82	218	-273.35	-251520.75	505	2.05
4.17	4.15	126	-273.35	-294219.75	574	2.34
4.17	4.15	126	-273.35	-294219.75	574	2.34
4.17	4.54	16	-273.35	-336691.84	673	2.74
4.17	4.54	16	-273.35	-336691.84	673	2.74
4.17	4.59	2	-273.35	-341586.09	688	2.80
4.17	4.56	10	-273.35	-338802.25	677	2.76
4.17	4.56	10	-273.35	-338802.25	677	2.76
4.17	4.56	10	-273.35	-338802.25	680	2.77
4.17	4.56	10	-273.35	-338802.25	680	2.77
4.17	4.56	10	-273.35	-338802.25	676	2.76
4.17	4.60	0	-273.35	-342276.75	1023	4.17
4.17	4.60	0	-273.35	-342276.75	1023	4.17
4.17	4.60	0	-273.35	-342276.75	1023	4.17
4.17	4.60	0	-273.35	-342276.75	1023	4.17
4.17	4.60	0	-273.35	-342276.75	1023	4.17
4.17	4.60	0	-273.35	-342276.75	1023	4.17
4.17	4.60	0	-273.35	-342276.75	1023	4.17
4.17	4.15	127	-273.35	-293797.53	573	2.34
4.17	4.15	127	-273.35	-293797.53	573	2.34
4.16	3.81	222	-273.35	-249521.87	504	2.05
4.16	3.81	221	-273.35	-250022.93	502	2.04
4.16	3.81	221	-273.35	-250022.93	502	2.04
4.16	3.81	221	-273.35	-250022.93	502	2.04
4.16	3.81	221	-273.35	-250022.93	502	2.04
4.16	3.81	222	-273.35	-249521.87	505	2.05
4.16	3.81	222	-273.35	-249521.87	503	2.05
4.16	3.81	222	-273.35	-249521.87	503	2.05
4.16	3.81	222	-273.35	-249521.87	504	2.05
4.16	3.81	222	-273.35	-249521.87	504	2.05
4.15	2.76	518	-273.35	-43788.12	299	1.21
4.15	2.34	638	11.21	91130.25	0	0.00
4.15	2.34	638	11.21	91130.25	0	0.00
4.15	2.34	638	11.21	91130.25	0	0.00
4.15	2.34	638	11.21	91130.25	0	0.00
4.15	2.34	637	11.50	89805.93	0	0.00
4.15	2.34	637	11.50	89805.93	0	0.00
4.15	2.34	637	11.50	89805.93	84	0.34
4.15	2.34	637	11.50	89805.93	84	0.34
4.16	3.89	199	-273.35	-260818.87	522	2.12
4.17	4.11	139	-273.35	-288674.46	564	2.30
4.17	4.11	139	-273.35	-288674.46	564	2.30
4.17	4.11	140	-273.35	-288242.81	564	2.30
4.17	4.11	140	-273.35	-288242.81	564	2.30
4.17	4.11	139	-273.35	-288674.46	563	2.29
4.17	4.11	140	-273.35	-288242.81	563	2.29
4.17	4.11	140	-273.35	-288242.81	563	2.29
4.17	4.11	140	-273.35	-288242.81	563	2.29
4.17	4.11	140	-273.35	-288242.81	564	2.30
4.17	4.11	140	-273.35	-288242.81	564	2.30
4.17	4.11	139	-273.35	-288674.46	563	2.29
4.17	4.11	139	-273.35	-288674.46	563	2.29
4.17	4.11	139	-273.35	-288674.46	563	2.29
4.16	3.90	196	-273.35	-262257.93	520	2.12
4.16	3.90	196	-273.35	-262257.93	520	2.12
4.15	2.34	638	11.21	91130.25	28	0.11
4.15	2.34	638	11.21	91130.25	28	0.11
4.15	2.34	638	11.21	91130.25	0	0.00
4.15	2.34	638	11.21	91130.25	0	0.00
4.15	2.34	637	11.50	89805.93	0	0.00
4.15	2.34	637	11.50	89805.93	0	0.00
4.15	2.34	637	11.50	89805.93	0	0.00
4.15	2.34	637	11.50	89805.93	9	0.04
4.15	2.34	637	11.50	89805.93	9	0.04
4.15	3.74	237	-273.35	-241226.06	500	2.03
4.15	3.74	237	-273.35	-241226.06	500	2.03
4.17	4.44	43	-273.35	-326948.21	643	2.62
4.17	4.53	20	-273.35	-335274.03	666	2.71
4.17	4.53	20	-273.35	-335274.03	666	2.71
4.17	4.53	20	-273.35	-335274.03	667	2.72
4.17	4.53	20	-273.35	-335274.03	667	2.72
4.17	4.53	20	-273.35	-335274.03	670	2.73
4.17	4.52	21	-273.35	-334918.21	668	2.72
4.17	4.52	21	-273.35	-334918.21	668	2.72
4.17	4.60	0	-273.35	-342276.75	707	2.88
4.17	4.60	0	-273.35	-342276.75	707	2.88
4.17	4.60	0	-273.35	-342276.75	1023	4.17
4.17	4.60	0	-273.35	-342276.75	1023	4.17
4.17	4.60	0	-273.35	-342276.75	1023	4.17
4.17	4.60	0	-273.35	-342276.75	1018	4.15
4.17	4.60	0	-273.35	-342276.75	1018	4.15
4.17	4.60	0	-273.35	-342276.75	946	3.86
4.17	4.60	0	-273.35	-342276.75	874	3.56
4.17	4.60	0	-273.35	-342276.75	874	3.56
4.15	3.46	318	-273.35	-195832.37	434	1.76
4.15	3.46	318	-273.35	-195832.37	434	1.76
4.15	3.27	373	-273.35	-160517.25	398	1.62
4.15	3.29	367	-273.35	-164570.87	406	1.65
4.15	3.29	367	-273.35	-164570.87	406	1.65
4.15	3.29	367	-273.35	-164570.87	404	1.64
4.15	3.29	367	-273.35	-164570.87	404	1.64
4.15	2.41	617	18.27	64127.81	229	0.93
4.15	2.34	638	11.21	91130.25	0	0.00
4.15	2.34	638	11.21	91130.25	0	0.00
4.15	2.34	637	11.50	89805.93	0	0.00
4.15	2.34	637	11.50	89805.93	0	0.00
4.15	2.34	637	11.50	89805.93	0	0.00
4.15	2.34	637	11.50	89805.93	0	0.00
4.17	4.13	134	-273.35	-290821.75	568	2.31
4.17	4.13	134	-273.35	-290821.75	568	2.31
4.17	4.50	28	-273.35	-332411.90	658	2.68
4.17	4.51	24	-273.35	-333847.40	661	2.69
4.17	4.51	24	-273.35	-333847.40	661	2.69
4.17	4.51	24	-273.35	-333847.40	664	2.71
4.17	4.51	24	-273.35	-333847.40	664	2.71
4.17	4.60	0	-273.35	-342276.75	775	3.16
4.17	4.60	0	-273.35	-342276.75	1023	4.17
4.17	4.60	0	-273.35	-342276.75	1023	4.17
4.17	4.60	0	-273.35	-342276.75	1023	4.17
4.17	4.60	0	-273.35	-342276.75	1023	4.17
4.17	4.60	0	-273.35	-342276.75	1023	4.17
4.17	4.60	0	-273.35	-342276.75	1023	4.17
4.17	4.60	0	-273.35	-342276.75	1023	4.17
4.17	4.60	0	-273.35	-342276.75	1023	4.17
4.17	4.60	0	-273.35	-342276.75	1023	4.17
4.17	4.60	0	-273.35	-342276.75	1023	4.17
4.17	4.60	0	-273.35	-342276.75	1023	4.17
4.17	4.60	0	-273.35	-342276.75	1023	4.17
4.17	4.60	0	-273.35	-342276.75	1023	4.17
4.17	4.60	0	-273.35	-342276.75	1023	4.17
4.17	4.60	0	-273.35	-342276.75	1023	4.17
4.17	4.60	0	-273.35	-342276.75	1023	4.17
4.17	4.60	0	-273.35	-342276.75	1023	4.17
4.17	4.60	0	-273.35	-342276.75	1023	4.17
4.17	4.60	0	-273.35	-342276.75	1023	4.17
4.17	4.60	0	-273.35	-342276.75	1022	4.17
4.17	4.60	0	-273.35	-342276.75	1023	4.17
4.17	4.60	0	-273.35	-342276.75	1023	4.17